2018-12-20 16:53:03
20190102 195216
20190103 155326
20190103 195224
20190103 231711
20190103 231711
20190104 020917
20190104 071728
20190104 115336
20190104 155320
20190104 195309
20190104 232215
20190104 234911
20190105 022410
20190105 075314
20190105 115325
20190105 155329
20190105 195825
20190105 232108
20190105 235314
20190106 033024
20190106 075318
20190106 115258
20190106 155320
20190106 195215
20190106 232220
20190106 235112
20190107 035014
20190107 075314
20190107 115330
20190107 155321
20190107 195222
20190107 231911
20190107 234412
20190108 023415
20190108 075231
20190108 115329
20190108 155329
20190108 195225
20190108 232315
20190108 234814
20190109 034015
20190109 075314
20190109 115326
20190109 155333
20190109 195215
20190109 231515
20190109 235235
20190110 033014
20190110 075343
20190110 115316
20190110 155333
20190110 195215
20190110 232315
20190110 235314
20190111 033615
20190111 075315
20190111 115302
20190111 155337
20190111 195214
20190111 232109
20190111 232511
20190112 020319
20190112 075258
20190112 115327
20190112 155234
20190112 195229
20190112 232214
20190112 233815
20190113 033916
20190113 075250
20190113 115304
20190113 155301
20190113 195216
20190113 231913
20190113 235215
20190114 003019
20190114 105300
20190114 115336
20190114 155337
20190115 195314
20190115 232314
20190115 233615
20190116 011024
20190116 074505
20190116 232312
20190117 195254
20190117 232224
20190117 234634
20190118 033619
20190118 075315
20190118 115307
20190118 155323
20190118 195254
20190118 231911
20190118 234815
20190119 034220
20190119 075315
20190119 115255
20190119 155259
20190119 195216
20190119 232218
20190119 233517
20190120 035318
20190120 075302
20190120 115302
20190120 155254
20190120 195225
20190120 232224
20190120 235119
20190121 031317
20190121 075252
20190121 115323
20190121 135259
20190121 135259
20190121 160729
20190122 142305
20190122 172322
20190123 135327




20190123 162308
20190123 162308
20190123 162308
20190123 162308
20190124 115255
20190124 195254
20190124 225321
20190125 035258
20190125 075302
20190125 115301
20190125 155256
20190125 195313
20190125 225306

20190126 075229
20190126 115326
20190126 155300
20190126 195302
20190126 225308
20190127 034523
20190127 075320
20190127 115327
20190127 155257
20190127 195220
20190127 225209
20190128 035116
20190128 075310
20190128 115300
20190128 162259
20190128 195259
20190128 225310
20190129 023209
20190129 075314
20190129 115327
20190129 155259
20190129 195301
20190129 225309
20190130 031210
20190130 075215
20190130 115300
20190130 155329
20190130 193614
20190130 225710
20190131 033330
20190131 075814

20190131 153520
20190131 193434
20190131 224307
20190201 032948
20190201 073915
20190201 113856
20190201 153452
20190201 194115
20190201 225808
20190202 033614
20190202 075516
20190202 115435
20190202 153941

20190202 230914
20190203 033111
20190203 073911
20190203 115533
20190203 155425
20190203 195414
20190203 225131
20190204 032120
20190204 075714
20190204 115654
20190204 155522
20190204 194637
20190204 224809

20190205 073229
20190205 100213
20190205 113153
20190205 154218
20190205 194651
20190205 225408
20190206 031910
20190206 075814
20190206 113457
20190206 133911
20190206 194210
20190206 224809


20190207 113355
20190207 153137
20190207 193241
20190207 225609



20190208 153143
20190208 193604
20190208 224110
20190209 033315
20190209 075814
20190209 115137
20190209 155651
20190209 195616
20190209 225315
20190210 024614
20190210 075218
20190210 115324
20190210 155323
20190210 195310
20190210 225110
20190211 035214
20190211 075214
20190211 115336
20190211 155303
20190211 195214
20190211 225111
20190212 033216
20190212 075258
20190212 115319
20190212 155303
20190212 195231
20190212 225011
20190213 034214
20190213 075214
20190213 115333
20190213 155309
20190213 195210
20190213 225111
20190214 033816
20190214 075318
20190214 115326
20190214 155325
20190214 195224
20190214 224616
20190215 030910
20190215 075320

20190215 155257
20190215 195316
20190215 225111
20190216 033414
20190216 075233
20190216 115255
20190216 155430
20190216 195225
20190216 224310
20190217 034214
20190217 075322
20190217 115302
20190217 155259
20190217 195212
20190217 224214
20190218 032414
20190218 075214
20190218 115325
20190218 155407
20190218 195215
20190218 224915
20190219 030315
20190219 075419
20190219 115312
20190219 155324
20190219 195213
20190219 225011
20190220 001014
20190220 075306
20190220 115426
20190220 155329
20190220 195214
20190220 224316
20190221 012914
20190221 075333
20190221 115331
20190221 155331
20190221 195228
20190221 224712
20190222 035003
20190222 075316
20190222 113545
20190222 155325
20190222 195214
20190222 225315
20190223 033214
20190223 075316
20190223 115214
20190223 155313
20190223 195214
20190223 225315
20190224 013510
20190224 075313
20190224 115250
20190224 155259
20190224 195316
20190224 224811
20190225 023215
20190225 075319
20190225 115348
20190225 155331
20190225 195318
20190225 225307

20190226 075224
20190226 115259
20190226 155249
20190226 195215
20190226 225303
20190227 034814
20190227 075251
20190227 115303
20190227 195239
20190227 225303
20190228 033300
20190228 075229
20190228 115301
20190228 154230
20190228 195227
20190228 225106
20190301 023613
20190301 075224
20190301 115301
20190301 155307
20190301 194926
20190301 225121
20190302 010220
20190302 075237
20190302 115303
20190302 155248


20190303 000007
20190303 075330
20190303 114832
20190303 194526
20190303 184555
20190303 224815
20190304 033826
20190304 074651
20190304 115849
20190304 155650
20190304 195511
20190304 224326
20190305 011814
20190305 074528
20190305 115255
20190305 155318
20190305 195237
20190305 225207
20190306 035014
20190306 075230
20190306 114834
20190306 155117
20190306 192829
20190306 225215
20190307 015624
20190307 074328
20190307 115308
20190307 155301
20190307 195250
20190307 225020
20190308 034620
20190308 075243
20190308 114149
20190308 155148
20190308 195225
20190308 225153
20190309 023814
20190309 075301
20190309 115227
20190309 155225
20190309 195231
20190309 223116
20190310 031420
20190310 075301
20190310 115252
20190310 155254
20190310 195224
20190310 225115
20190311 033520
20190311 075224

20190311 155320
20190311 195236
20190311 224717
20190312 025520
20190312 075303
20190312 115301
20190312 155303
20190312 195225
20190312 225217
20190313 033925
20190313 075235
20190313 115310
20190313 155301
20190313 195221
20190313 224812
20190314 030020
20190314 075302
20190314 115303
20190314 155302
20190314 195224
20190314 225115
20190315 035020
20190315 075302
20190315 112957
20190315 142342
20190315 195300
20190315 224616
20190316 034809
20190316 075229
20190316 115259
20190316 155301
20190316 195225
20190316 220123
20190317 025111
20190317 075232
20190317 115300
20190317 155330
20190317 195230
20190317 225220
20190318 023630
20190318 075225
20190318 115307
20190318 155300
20190318 195301
20190318 225226
20190319 031620
20190319 075224
20190319 115306
20190319 155255
20190319 195241
20190319 225144
20190320 034845
20190320 075324
20190320 115303
20190320 155320
20190320 193015
20190320 223355
20190321 035211
20190321 075310
20190321 115311
20190321 155310
20190321 195811
20190321 225214
20190322 034214
20190322 074341
20190322 113839
20190322 155255
20190322 195223
20190322 225010
20190323 030414
20190323 075815
20190323 115300
20190323 155250
20190323 195216
20190323 225214
20190324 031414
20190324 075301
20190324 115242

20190324 195815
20190324 222815
20190325 032019
20190325 075224
20190325 115305
20190325 155257
20190325 195215
20190325 225013
20190326 031358
20190326 075814
20190326 115327
20190326 155244
20190326 195313
20190326 224517
20190327 034612
20190327 075225
20190327 115254
20190327 155315
20190327 195916
20190327 224517
20190328 031419
20190328 075225
20190328 114307
20190328 155301
20190328 195225
20190328 222619
20190329 005515
20190329 075940

20190329 155254
20190329 192834
20190329 224218
20190330 031915
20190330 075250
20190330 113443
20190330 155303
20190330 195225
20190330 225218
20190331 033552
20190331 075305
20190331 115304




20190401 010423
20190401 115306
20190401 155305
20190401 195224
20190401 225316
20190402 024023
20190402 064249
20190402 115309
20190402 155253



20190402 192315
20190403 055819
20190403 155257
20190403 195130
20190403 225014
20190404 034911
20190404 075306
20190404 115254
20190404 155305
20190404 195315
20190404 224509
20190405 030814
20190405 075218
20190405 115255
20190405 155301
20190405 195225
20190405 225314
20190406 034614
20190406 075216
20190406 115306
20190406 155305
20190406 195225
20190406 224713
20190407 032214
20190407 075244
20190407 115304
20190407 155226
20190407 195313
20190407 224015
20190408 030916
20190408 075304
20190408 115306
20190408 154551
20190408 195239
20190408 225040

20190409 075236
20190409 115258
20190409 155303
20190409 195215
20190409 225226
20190410 023620
20190410 075300
20190410 115304
20190410 155241
20190410 195214
20190410 224706
20190411 033414
20190411 074524
20190411 115259
20190411 155250
20190411 195224
20190411 224113
20190412 014815
20190412 075230
20190412 115309
20190412 155257
20190412 195244
20190412 224915
20190413 021515
20190413 075256
20190413 115305
20190413 155302
20190413 195225
20190413 223017
20190413 223017
20190414 075305
20190414 115304
20190414 155226
20190414 195320
20190414 223620
20190415 022620
20190415 074050
20190415 115301
20190415 155304
20190415 195220
20190415 223731
20190416 000046
20190416 075214
20190416 115306
20190416 155306
20190416 195215


20190417 075231
20190417 115309
20190417 155302
20190417 195311
20190417 225114
20190418 010009
20190418 075303
20190418 115305
