2018-12-20 16:53:03
20190102 195216
20190103 155330
20190103 195224
20190103 232009
20190103 232515
20190104 003912
20190104 071722
20190104 115336
20190104 155321
20190104 195315
20190104 232216
20190104 235315
20190105 034514
20190105 075316
20190105 115324
20190105 155327
20190105 195814
20190105 232211
20190105 235314
20190106 031312
20190106 075318
20190106 115258
20190106 155324
20190106 195220
20190106 232314
20190106 235112
20190107 014520
20190107 075315
20190107 115328
20190107 155325
20190107 195222
20190107 231512
20190107 235311
20190108 032814
20190108 075239
20190108 115328
20190108 155327
20190108 195233
20190108 232320
20190108 234815
20190109 034015
20190109 075317
20190109 115326
20190109 155334
20190109 195215
20190109 232209
20190109 235322
20190110 023819
20190110 075341
20190110 115316
20190110 155333
20190110 195223
20190110 232316
20190110 235314
20190111 034815
20190111 075319
20190111 115257
20190111 155334
20190111 195215
20190111 232109
20190111 234917
20190112 034415
20190112 075232
20190112 115330
20190112 155321
20190112 195224
20190112 231915
20190112 235113
20190113 034820
20190113 075300
20190113 115308
20190113 155301
20190113 195224
20190113 232214
20190113 234115
20190114 022616
20190114 105251
20190114 115336
20190114 155337
20190115 195314
20190115 232314
20190115 235213
20190116 011024
20190116 074505
20190116 232313
20190117 195233
20190117 232220
20190117 234825
20190118 034419
20190118 075315
20190118 115309
20190118 155323
20190118 195238
20190118 232208
20190118 235219
20190119 032017
20190119 075315
20190119 115258
20190119 155253
20190119 195239
20190119 232216
20190119 234024
20190120 033620
20190120 075302
20190120 115300
20190120 155246
20190120 195226
20190120 232116
20190120 235216
20190121 033819
20190121 075224
20190121 115323
20190121 135259
20190121 135259
20190121 160725
20190122 142305
20190122 172322
20190123 135326




20190123 162308
20190123 162308
20190123 162308
20190123 162308
20190124 115259
20190124 195244
20190124 225322
20190125 035254
20190125 075257
20190125 115301
20190125 155301
20190125 195310
20190125 225307

20190126 075222
20190126 115326
20190126 155256
20190126 195233
20190126 225308
20190127 035123
20190127 075310
20190127 115327
20190127 155302
20190127 195120
20190127 225109
20190128 034815
20190128 075316
20190128 115300
20190128 162258
20190128 195300
20190128 225210
20190129 032409
20190129 075314
20190129 115322
20190129 155303
20190129 195216
20190129 225309
20190130 030014
20190130 075212
20190130 115303
20190130 155332
20190130 193614
20190130 225910
20190131 022710
20190131 075814

20190131 153520
20190131 193430
20190131 224241
20190201 032915
20190201 073914
20190201 113909
20190201 153453
20190201 194015
20190201 225910
20190202 023311
20190202 075516
20190202 115435
20190202 153940

20190202 230814
20190203 024410
20190203 073912
20190203 115536
20190203 155437
20190203 195415
20190203 225129
20190204 032110
20190204 075715
20190204 115644
20190204 155521
20190204 194637
20190204 224909

20190205 073214
20190205 100213
20190205 113148
20190205 154220
20190205 194617
20190205 225415
20190206 033014
20190206 075814
20190206 113457
20190206 133904
20190206 194203
20190206 224410


20190207 113355
20190207 153137
20190207 193241
20190207 224809



20190208 153143
20190208 193458
20190208 224910
20190209 032518
20190209 075816
20190209 115131
20190209 155651
20190209 195615
20190209 225315
20190210 034915
20190210 075218
20190210 115324
20190210 155318
20190210 195309
20190210 225315
20190211 035039
20190211 075217
20190211 115343
20190211 155303
20190211 195214
20190211 225111
20190212 033827
20190212 075242
20190212 115319
20190212 155301
20190212 195116
20190212 225011
20190213 032816
20190213 075214
20190213 115334
20190213 155311
20190213 195217
20190213 225314
20190214 035214
20190214 075315
20190214 115326
20190214 155331
20190214 195240
20190214 224711
20190215 023814
20190215 075318

20190215 155257
20190215 195112
20190215 224810
20190216 032514
20190216 075233
20190216 115255
20190216 155501
20190216 195228
20190216 225010
20190217 034214
20190217 075314
20190217 115302
20190217 155259
20190217 195214
20190217 224214
20190218 034414
20190218 075212
20190218 115325
20190218 155406
20190218 195215
20190218 224415
20190219 025814
20190219 075415
20190219 115312
20190219 155324
20190219 195247
20190219 225312
20190220 015714
20190220 075315
20190220 115427
20190220 155329
20190220 195214
20190220 225214
20190221 025019
20190221 075313
20190221 115331
20190221 155333
20190221 195225
20190221 225312
20190222 035003
20190222 075323
20190222 113544
20190222 155325
20190222 195225
20190222 225113
20190223 023516
20190223 075312
20190223 115215
20190223 155236
20190223 195216
20190223 225314
20190224 032716
20190224 075313
20190224 115244
20190224 155257
20190224 195324
20190224 221912
20190225 020620
20190225 075315
20190225 115341
20190225 155330
20190225 195317
20190225 225307

20190226 075224
20190226 115249
20190226 155256
20190226 195219
20190226 225304
20190227 033220
20190227 075251
20190227 115303
20190227 195253
20190227 225300
20190228 034020
20190228 075245
20190228 115301
20190228 154230
20190228 195237
20190228 225106
20190301 024415
20190301 075224
20190301 115300
20190301 155302
20190301 194934
20190301 224618
20190302 023615
20190302 075215
20190302 115301
20190302 155253


20190303 004414
20190303 075329
20190303 114833
20190303 194526
20190303 184535
20190303 224816
20190304 024414
20190304 074651
20190304 115850
20190304 155647
20190304 195512
20190304 224927
20190305 002716
20190305 074534
20190305 115254
20190305 155318
20190305 195244
20190305 225216
20190306 030011
20190306 075230
20190306 114851
20190306 155141
20190306 192831
20190306 225120
20190307 022824
20190307 074312
20190307 115303
20190307 155259
20190307 195250
20190307 225019
20190308 032117
20190308 075243
20190308 114143
20190308 155033
20190308 195225
20190308 225153
20190309 025814
20190309 075301
20190309 115225
20190309 155225
20190309 195231
20190309 225224
20190310 035214
20190310 075304
20190310 115247
20190310 155254
20190310 195224
20190310 222617
20190311 024252
20190311 075224

20190311 155320
20190311 195246
20190311 225020
20190312 031420
20190312 075255
20190312 115257
20190312 155302
20190312 195236
20190312 224521
20190313 031720
20190313 075252
20190313 115308
20190313 155253
20190313 195224
20190313 225254
20190314 033620
20190314 075302
20190314 115303
20190314 155251
20190314 195224
20190314 224119
20190315 031921
20190315 075239
20190315 113003
20190315 142338
20190315 195254
20190315 223218
20190316 035103
20190316 075229
20190316 115306
20190316 155301
20190316 195224
20190316 220317
20190317 033826
20190317 075232
20190317 115244
20190317 155329
20190317 195226
20190317 225142
20190318 030419
20190318 075224
20190318 115255
20190318 155257
20190318 195236
20190318 225226
20190319 005319
20190319 075225
20190319 115306
20190319 155302
20190319 195241
20190319 225144
20190320 020217
20190320 075326
20190320 115303
20190320 155320
20190320 193015
20190320 225209
20190321 035022
20190321 075310
20190321 115311
20190321 155311
20190321 195814
20190321 224410
20190322 034414
20190322 074414
20190322 113830
20190322 155248
20190322 195219
20190322 225311
20190323 032212
20190323 075815
20190323 115300
20190323 155250
20190323 195216
20190323 225214
20190324 031709
20190324 075214
20190324 115237

20190324 195618
20190324 225013
20190325 032420
20190325 075235
20190325 115305
20190325 155257
20190325 195311
20190325 224928
20190326 031358
20190326 075843
20190326 115327
20190326 155244
20190326 195313
20190326 225313
20190327 034215
20190327 075224
20190327 115301
20190327 155316
20190327 195915
20190327 224516
20190328 032716
20190328 075225
20190328 114307
20190328 155258
20190328 195231
20190328 224517
20190329 005521
20190329 075914

20190329 155306
20190329 192854
20190329 225218
20190330 021716
20190330 075303
20190330 113444
20190330 155254
20190330 195225
20190330 225137
20190331 033558
20190331 075224
20190331 115246




20190401 010529
20190401 115305
20190401 155304
20190401 195313
20190401 225314
20190402 023422
20190402 064249
20190402 115308
20190402 155254



20190402 192326
20190403 050421
20190403 155257
20190403 195214
20190403 224814
20190404 023910
20190404 075300
20190404 115258
20190404 155306
20190404 195315
20190404 224116
20190405 025214
20190405 075216
20190405 115255
20190405 155259
20190405 195224
20190405 225213
20190406 033314
20190406 075231
20190406 115301
20190406 155310
20190406 195214
20190406 225118
20190407 031714
20190407 075244
20190407 115308
20190407 155228
20190407 195314
20190407 224318
20190408 034014
20190408 075303
20190408 115306
20190408 154551
20190408 195235
20190408 223718

20190409 075224
20190409 115258
20190409 155303
20190409 195244
20190409 225016
20190410 022214
20190410 075300
20190410 115304
20190410 155241
20190410 195214
20190410 224916
20190411 033819
20190411 074545
20190411 115259
20190411 155301
20190411 195214
20190411 225015
20190412 034314
20190412 075230
20190412 115309
20190412 155300
20190412 195315
20190412 224819
20190413 034419
20190413 075256
20190413 115305
20190413 155302
20190413 195019
20190413 224221
20190413 224221
20190414 075305
20190414 115305
20190414 155226
20190414 195315
20190414 224417
20190415 014620
20190415 074050
20190415 115307
20190415 155256
20190415 195224
20190415 225219
20190416 021910
20190416 075223
20190416 115306
20190416 155304
20190416 195217
20190416 202517

20190417 075231
20190417 115308
20190417 155301
20190417 195255
20190417 225312
20190418 033414
20190418 075303
20190418 115307
