20190103 154914
20190103 195011
20190103 195011
20190103 195011
20190104 004612
20190104 004612
20190104 110714
20190104 153821
20190104 191017
20190104 191017
20190104 191017
20190104 191017
20190104 191017
20190105 112511
20190105 155210
20190105 183715
20190105 213212
20190105 213212
20190106 000942
20190106 000942
20190106 000942
20190106 124816
20190106 124816
20190106 124816
20190106 124816
20190106 124816
20190106 124816
20190107 114625
20190107 154815
20190107 190115
20190107 215915
20190107 215915
20190107 215915
20190107 215915
20190108 115215
20190108 154625
20190108 193021
20190108 214229
20190108 214229
20190108 214229
20190108 214229
20190109 113915
20190109 153521
20190109 184516
20190109 212021
20190109 212021
20190109 212021
20190110 052415
20190110 114215
20190110 154916
20190110 191817
20190110 213715
20190110 213715
20190111 001111
20190111 001111
20190111 115234
20190111 155306
20190111 184620
20190111 221820
20190111 221820
20190111 221820
20190111 221820
20190112 113041
20190112 153020
20190112 181610
20190112 181610
20190112 181610
20190113 011934
20190113 011934
20190113 011934
20190113 011934
20190113 194216
20190113 204600
20190113 204600
20190114 001919
20190114 103622
20190114 114835
20190114 155025
20190115 175021
20190115 175021
20190115 175021
20190115 175021
20190115 175021
20190116 231419
20190117 195222
20190117 195222
20190117 195222
20190118 014610
20190118 014610
20190118 114835
20190118 154821
20190118 194220
20190118 230921
20190118 233013
20190118 233013
20190119 064509
20190119 114529
20190119 155220
20190119 191223
20190119 201027
20190119 201027
20190119 201027
20190119 201027
20190120 103821
20190120 140315
20190120 193018
20190120 222604
20190120 222604
20190120 222604
20190121 064511
20190121 115020
20190121 134420
20190121 134420
20190121 141416
20190121 160115
20190122 142006
20190122 170948
20190123 134121




20190123 162226
20190123 162226
20190123 162226
20190123 162226
20190124 114956
20190124 173820
20190124 211021
20190124 230725
20190124 230725
20190125 114636
20190125 155225
20190125 191620


20190126 072516
20190126 115325
20190126 155006
20190126 191016
20190126 203232
20190127 035304
20190127 075323
20190127 115328
20190127 151624
20190127 164221
20190127 223720
20190127 223720
20190128 073011
20190128 115111
20190128 154011
20190128 185216
20190128 221520
20190128 221520
20190129 073016
20190129 113711
20190129 155012
20190129 195230
20190129 203740
20190129 203740
20190130 070549
20190130 114010
20190130 152210
20190130 180011
20190130 205910
20190130 205910
20190131 074525

20190131 153224
20190131 181820
20190131 224752
20190131 235228
20190201 040110
20190201 113615
20190201 153425
20190201 191816
20190201 225244
20190201 225244
20190201 225244
20190202 115459
20190202 152310

20190202 225314
20190202 232624
20190203 034810
20190203 093512
20190203 153511
20190203 170714
20190203 170714
20190203 230711
20190204 061607
20190204 115224
20190204 152110
20190204 175310
20190204 213017

20190205 060044
20190205 094012
20190205 113120
20190205 154011
20190205 192513
20190205 224318
20190205 224318
20190206 065416
20190206 111538
20190206 133611
20190206 193910
20190206 221451

20190206 221451
20190207 112211
20190207 153125
20190207 193052
20190207 213115



20190208 152420
20190208 192036
20190208 223615
20190208 233614
20190208 233614
20190209 114210
20190209 151515
20190209 185530
20190209 204414
20190209 204414
20190210 061612
20190210 113211
20190210 154305
20190210 183034
20190210 183034
20190210 183034
20190211 071811
20190211 115315
20190211 154436
20190211 194815
20190211 211525
20190212 000814
20190212 073940
20190212 115010
20190212 155225
20190212 192331
20190212 221714
20190212 221714
20190213 070002
20190213 114516
20190213 152721
20190213 193211
20190213 210621
20190214 031415
20190214 075215
20190214 113135
20190214 154612
20190214 182416
20190214 225017
20190215 031347
20190215 072211

20190215 155225
20190215 192813
20190215 205816
20190216 032920
20190216 032920
20190216 111215
20190216 153015
20190216 174729
20190216 174729
20190216 174729
20190217 074504
20190217 080016
20190217 140215
20190217 181615
20190217 181615
20190218 020215
20190218 020215
20190218 113215
20190218 153615
20190218 192515
20190218 215620
20190218 230215
20190219 073115
20190219 115210
20190219 155305
20190219 183415
20190219 220315
20190219 230211
20190220 063216
20190220 115416
20190220 154826
20190220 183700
20190220 224317
20190220 230314
20190221 054059
20190221 115239
20190221 155216
20190221 194010
20190221 223214
20190221 223214
20190222 074231
20190222 113225
20190222 143416
20190222 185318
20190222 220535
20190222 220535
20190222 220535
20190223 112220
20190223 143216
20190223 143216
20190223 205819
20190223 205819
20190224 073135
20190224 114619
20190224 114619
20190224 170210
20190224 212417
20190224 212417
20190225 071548
20190225 115216
20190225 155015
20190225 195216
20190225 225307


20190226 115221
20190226 154816
20190226 195216
20190226 225220
20190226 225816
20190227 065815
20190227 115215
20190227 193415
20190227 215816
20190227 215816
20190228 115220
20190228 153816
20190228 195034
20190228 225020

20190301 002946
20190301 002946
20190301 115010
20190301 154808
20190301 192225
20190301 224540
20190301 224540
20190302 071815
20190302 114815
20190302 155246


20190302 210520
20190303 072025
20190303 094716
20190303 174220
20190303 174220
20190303 215028
20190303 225721
20190304 074220
20190304 115840
20190304 155556
20190304 195220
20190304 224819
20190304 230820
20190305 055811
20190305 114850
20190305 154856
20190305 175820
20190305 225137
20190305 233224
20190306 071340
20190306 113821
20190306 154620
20190306 192220
20190306 215835
20190306 215835
20190307 073009
20190307 115120
20190307 154416
20190307 184220
20190307 213222
20190308 025016
20190308 054502
20190308 112756
20190308 150646
20190308 171221
20190308 201334
20190308 225420
20190309 075020
20190309 110420
20190309 151016
20190309 184220
20190309 224532
20190309 224532
20190309 224532
20190310 105017
20190310 153616
20190310 194723
20190310 194723
20190311 035239


20190311 154227
20190311 190046
20190311 225304
20190312 023420
20190312 063620
20190312 114821
20190312 155231
20190312 192421
20190312 225123
20190312 225123
20190313 065125
20190313 114716
20190313 155216
20190313 193018
20190313 220021
20190313 233221
20190314 064421
20190314 111516
20190314 150706
20190314 180221
20190314 224620
20190315 005621
20190315 072316
20190315 112420
20190315 185116
20190315 185116
20190316 115121
20190316 164500
20190316 214757
20190316 235954
20190317 071524
20190317 102842
20190317 180039
20190317 153632
20190317 180039
20190317 180039
20190318 075114
20190318 115214
20190318 154225
20190318 182925
20190318 224301
20190318 224301
20190319 060045
20190319 114851
20190319 155129
20190319 194715
20190319 223055
20190320 002048
20190320 002048
20190320 114810
20190320 154424
20190320 185615
20190320 205915
20190320 231214
20190321 064510
20190321 114910
20190321 154135
20190321 195515
20190321 195515

20190321 195515

20190321 195515
20190322 113219
20190322 153416
20190322 191124
20190322 204605
20190322 204605
20190323 071558
20190323 110811
20190323 144216

20190323 191613
20190323 222416
20190323 222416
20190324 073057
20190324 090219

20190324 174915
20190324 174915
20190324 174915
20190324 174915
20190325 113126
20190325 153300
20190325 181616
20190325 205311

20190326 035026
20190326 075905
20190326 112431
20190326 154901
20190326 191811
20190326 191811
20190326 191811
20190327 065816
20190327 114816
20190327 154215
20190327 190136
20190327 223701
20190327 223701
20190328 075117
20190328 114216
20190328 154632
20190328 183720
20190328 223117
20190328 223117
20190329 074514

20190329 153216
20190329 171516
20190329 215127
20190329 230821
20190330 055616
20190330 092315
20190330 154025
20190330 164620
20190330 222942
20190331 033559
20190331 074144
20190331 103035




20190401 000002
20190401 115018
20190401 154916
20190401 184110
20190401 222941
20190401 235421
20190402 061221
20190402 113721
20190402 153935



20190402 190034
20190403 001357
20190403 153847
20190403 172043
20190403 172043
20190403 172043
20190403 172043
20190404 115116
20190404 152811
20190404 190750
20190404 211522
20190405 002045
20190405 073746
20190405 115220
20190405 155026
20190405 185715
20190405 222220
20190405 225820
20190406 074515
20190406 110250
20190406 141815
20190406 171617
20190406 214616
20190407 001517
20190407 065511
20190407 065511
20190407 151517
20190407 173203
20190407 173203
20190408 001515
20190408 072116
20190408 113616
20190408 152950
20190408 170541
20190408 210215
20190408 210215
20190409 055215
20190409 105531
20190409 154620
20190409 195215
20190409 223922
20190409 233219
20190409 233219
20190410 111726
20190410 155219
20190410 193031
20190410 223417
20190410 225309
20190410 225309
20190411 113520
20190411 154816
20190411 192016
20190411 192016
20190411 192016
20190412 063226
20190412 115022
20190412 154832
20190412 194116
20190412 211347
20190412 211347
20190413 073914
20190413 113710
20190413 144320
20190413 170423
20190413 225026
20190413 225026
20190414 072420
20190414 110450
20190414 110450
20190414 184511
20190414 184511
20190414 184511
20190414 184511
20190415 115221
20190415 152824
20190415 191626
20190415 214622
20190415 214622
20190415 214622
20190416 113918
20190416 153416
20190416 194411


20190417 075304
20190417 114250
20190417 155105
20190417 173411
20190417 224311
20190418 001614
20190418 071511
20190418 115125
