2018-12-20 16:53:03
20190102 195215
20190103 155325
20190103 195224
20190103 231909
20190103 232515
20190104 024909
20190104 071724
20190104 115341
20190104 155321
20190104 195315
20190104 232215
20190104 235310
20190105 032814
20190105 075316
20190105 115324
20190105 155329
20190105 195825
20190105 231511
20190105 235315
20190106 031313
20190106 075318
20190106 115254
20190106 155321
20190106 195215
20190106 232314
20190106 235111
20190107 033815
20190107 075115
20190107 115330
20190107 155325
20190107 195308
20190107 232311
20190107 235214
20190108 023415
20190108 075219
20190108 115328
20190108 155330
20190108 195225
20190108 231810
20190108 234815
20190109 030414
20190109 075316
20190109 115324
20190109 155333
20190109 195216
20190109 231912
20190109 235322
20190110 031219
20190110 075343
20190110 115316
20190110 155333
20190110 195215
20190110 232316
20190110 235315
20190111 025814
20190111 075315
20190111 115302
20190111 155337
20190111 195214
20190111 231614
20190111 234919
20190112 033217
20190112 075301
20190112 115324
20190112 155317
20190112 195226
20190112 232214
20190112 234813
20190113 034019
20190113 075232
20190113 115301
20190113 155229
20190113 195221
20190113 232016
20190113 235159
20190114 011615
20190114 105257
20190114 115337
20190114 155340
20190115 195215
20190115 232314
20190115 234310
20190116 012014
20190116 074532
20190116 232113
20190117 195251
20190117 232314
20190117 234825
20190118 034424
20190118 075315
20190118 115308
20190118 155322
20190118 195254
20190118 232224
20190118 234507
20190119 032018
20190119 075314
20190119 115304
20190119 155253
20190119 195216
20190119 231619
20190119 235019
20190120 035318
20190120 075301
20190120 115255
20190120 155254
20190120 195225
20190120 231914
20190120 235216
20190121 001505
20190121 075224
20190121 115322
20190121 135254
20190121 135254
20190121 160724
20190122 142256
20190122 172322
20190123 135327




20190123 162304
20190123 162304
20190123 162304
20190123 162304
20190124 115259
20190124 195254
20190124 225322
20190125 035255
20190125 075258
20190125 115300
20190125 155258
20190125 195311
20190125 225306

20190126 075222
20190126 115326
20190126 155257
20190126 195238
20190126 225308
20190127 034523
20190127 075322
20190127 115327
20190127 155243
20190127 195216
20190127 225108
20190128 034810
20190128 075312
20190128 115303
20190128 162302
20190128 195224
20190128 225210
20190129 032415
20190129 075309
20190129 115324
20190129 155253
20190129 195216
20190129 225309
20190130 030014
20190130 075244
20190130 115303
20190130 155329
20190130 193614
20190130 225809
20190131 023915
20190131 075814

20190131 153520
20190131 193429
20190131 224746
20190201 032909
20190201 073914
20190201 113909
20190201 153438
20190201 194014
20190201 225708
20190202 023511
20190202 075516
20190202 115435
20190202 153940

20190202 230814
20190203 033508
20190203 073912
20190203 115536
20190203 155434
20190203 195414
20190203 225131
20190204 035009
20190204 075716
20190204 115705
20190204 155521
20190204 194529
20190204 224111

20190205 073229
20190205 100212
20190205 113148
20190205 154219
20190205 194629
20190205 225016
20190206 033009
20190206 075815
20190206 113457
20190206 133911
20190206 194210
20190206 224515


20190207 113358
20190207 153137
20190207 193241
20190207 225309



20190208 153140
20190208 193523
20190208 224911
20190209 033309
20190209 075814
20190209 115137
20190209 155648
20190209 195615
20190209 225309
20190210 024214
20190210 075218
20190210 115325
20190210 155317
20190210 195309
20190210 224610
20190211 035034
20190211 075217
20190211 115343
20190211 155303
20190211 195214
20190211 225116
20190212 033159
20190212 075242
20190212 115319
20190212 155303
20190212 195231
20190212 225112
20190213 032816
20190213 075214
20190213 115333
20190213 155311
20190213 195238
20190213 223110
20190214 033816
20190214 075319
20190214 115326
20190214 155331
20190214 195216
20190214 224310
20190215 033814
20190215 075320

20190215 155257
20190215 195325
20190215 224905
20190216 034715
20190216 075214
20190216 115245
20190216 155501
20190216 195225
20190216 224711
20190217 034214
20190217 075353
20190217 115302
20190217 155259
20190217 195214
20190217 225309
20190218 034713
20190218 075205
20190218 115325
20190218 155400
20190218 195237
20190218 225312
20190219 030814
20190219 075424
20190219 115312
20190219 155324
20190219 195214
20190219 224815
20190220 004214
20190220 075314
20190220 115427
20190220 155327
20190220 195214
20190220 224916
20190221 034214
20190221 075315
20190221 115332
20190221 155325
20190221 195217
20190221 225211
20190222 035003
20190222 075331
20190222 113540
20190222 155325
20190222 195113
20190222 225113
20190223 032315
20190223 075314
20190223 115224
20190223 155322
20190223 195215
20190223 225214
20190224 034016
20190224 075314
20190224 115250
20190224 155306
20190224 195324
20190224 222511
20190225 022343
20190225 075319
20190225 115348
20190225 155336
20190225 195319
20190225 225307

20190226 075224
20190226 115234
20190226 155257
20190226 195215
20190226 225304
20190227 033314
20190227 075222
20190227 115303
20190227 195253
20190227 225302
20190228 033259
20190228 075239
20190228 115301
20190228 154220
20190228 195237
20190228 225102
20190301 024415
20190301 075225
20190301 115301
20190301 155307
20190301 194926
20190301 224814
20190302 032014
20190302 075216
20190302 115303
20190302 155253


20190303 011624
20190303 075337
20190303 114833
20190303 184546

20190303 224915
20190304 022322
20190304 074651
20190304 115850
20190304 155650
20190304 195524
20190304 224121
20190305 004514
20190305 074530
20190305 115254
20190305 155317
20190305 195231
20190305 225133
20190306 030011
20190306 075303
20190306 114919
20190306 155136
20190306 192825
20190306 224922
20190307 020424
20190307 074312
20190307 115308
20190307 155231
20190307 195308
20190307 225116
20190308 033718
20190308 075301
20190308 114149
20190308 155132
20190308 195236
20190308 225138
20190309 022019
20190309 075302
20190309 115226
20190309 155226
20190309 195220
20190309 224222
20190310 021624
20190310 075304
20190310 115252
20190310 155252
20190310 195225
20190310 225115
20190311 034126
20190311 075232

20190311 155320
20190311 195234
20190311 224619
20190312 033620
20190312 075303
20190312 115252
20190312 155302
20190312 195226
20190312 224912
20190313 033920
20190313 075254
20190313 115310
20190313 155253
20190313 195224
20190313 224915
20190314 020426
20190314 075302
20190314 115255
20190314 155302
20190314 195224
20190314 224820
20190315 032421
20190315 075253
20190315 112956
20190315 142338
20190315 195254
20190315 224917
20190316 035220
20190316 075229
20190316 115300
20190316 155301
20190316 195224
20190316 220228
20190317 032224
20190317 075232
20190317 115300
20190317 155334
20190317 195230
20190317 225142
20190318 032716
20190318 075234
20190318 115307
20190318 155257
20190318 195301
20190318 224919
20190319 034624
20190319 075224
20190319 115306
20190319 155255
20190319 195241
20190319 225144
20190320 024132
20190320 075325
20190320 115301
20190320 155320
20190320 193014
20190320 224810
20190321 035022
20190321 075311
20190321 115311
20190321 155311
20190321 195811
20190321 225015
20190322 033215
20190322 074341
20190322 113838
20190322 155255
20190322 195215
20190322 225115
20190323 033214
20190323 075811
20190323 115255
20190323 155243
20190323 195212
20190323 225214
20190324 031312
20190324 075213
20190324 115237

20190324 195814
20190324 225213
20190325 022816
20190325 075235
20190325 115305
20190325 155303
20190325 195313
20190325 225014
20190326 031359
20190326 075900
20190326 115327
20190326 155251
20190326 195235
20190326 225220
20190327 031114
20190327 075224
20190327 115255
20190327 155316
20190327 195915
20190327 225224
20190328 034509
20190328 075241
20190328 114307
20190328 155304
20190328 195225
20190328 225224
20190329 005520
20190329 075915

20190329 155306
20190329 192848
20190329 223510
20190330 010017
20190330 075303
20190330 113437
20190330 155240
20190330 195132
20190330 225221
20190331 033556
20190331 075226
20190331 115303
20190331 155310



20190401 010643
20190401 115305
20190401 155309
20190401 195234
20190401 225316
20190402 024023
20190402 064249
20190402 115308
20190402 155252



20190402 192328
20190403 054209
20190403 155257
20190403 195222
20190403 224110
20190404 032914
20190404 075306
20190404 115258
20190404 155303
20190404 195311
20190404 222910
20190405 034214
20190405 075233
20190405 115259
20190405 155259
20190405 195227
20190405 225311
20190406 032915
20190406 075220
20190406 115258
20190406 155307
20190406 195224
20190406 225116
20190407 031315
20190407 075244
20190407 115308
20190407 155226
20190407 195314
20190407 224814
20190408 033614
20190408 075304
20190408 115306
20190408 154550
20190408 195238
20190408 225040

20190409 075241
20190409 115258
20190409 155302
20190409 195215
20190409 223413
20190410 022615
20190410 075300
20190410 115304
20190410 155251
20190410 195215
20190410 224220
20190411 034116
20190411 074524
20190411 115259
20190411 155250
20190411 195216
20190411 224515
20190412 033216
20190412 075224
20190412 115309
20190412 155300
20190412 195314
20190412 223018
20190413 015821
20190413 075256
20190413 115305
20190413 155302
20190413 195225
20190413 224620
20190413 224620
20190414 075252
20190414 115305
20190414 155226
20190414 195325
20190414 222620
20190415 000021
20190415 074050
20190415 115306
20190415 155256
20190415 195217
20190415 225021
20190416 010414
20190416 075223
20190416 115306
20190416 155306
20190416 195216
20190416 202515

20190417 075231
20190417 115304
20190417 155302
20190417 195311
20190417 225009
20190418 022513
20190418 075303
20190418 115307
