2018-12-20 16:52:55
20190102 195215
20190103 155330
20190103 195217
20190103 232009
20190103 232514
20190104 020918
20190104 071728
20190104 115338
20190104 155321
20190104 195316
20190104 232217
20190104 235012
20190105 023512
20190105 075312
20190105 115324
20190105 155328
20190105 195825
20190105 231812
20190105 235314
20190106 032312
20190106 075317
20190106 115254
20190106 155328
20190106 195215
20190106 232226
20190106 235113
20190107 025915
20190107 075315
20190107 115329
20190107 155325
20190107 195308
20190107 231715
20190107 235214
20190108 023415
20190108 075239
20190108 115324
20190108 155330
20190108 195233
20190108 231910
20190108 235315
20190109 014913
20190109 075317
20190109 115325
20190109 155334
20190109 195215
20190109 232209
20190109 235322
20190110 034016
20190110 075340
20190110 115316
20190110 155333
20190110 195216
20190110 232114
20190110 235216
20190111 033615
20190111 075314
20190111 115257
20190111 155339
20190111 195214
20190111 232214
20190111 233515
20190112 025725
20190112 075232
20190112 115330
20190112 155325
20190112 195228
20190112 232015
20190112 235216
20190113 034820
20190113 075300
20190113 115304
20190113 155224
20190113 195237
20190113 232017
20190113 234115
20190114 022619
20190114 105257
20190114 115336
20190114 155340
20190115 195314
20190115 231515
20190115 234616
20190116 011216
20190116 074504
20190116 232314
20190117 195254
20190117 232220
20190117 235015
20190118 033619
20190118 075314
20190118 115307
20190118 155323
20190118 195254
20190118 232224
20190118 235219
20190119 035020
20190119 075315
20190119 115304
20190119 155302
20190119 195239
20190119 232217
20190119 232217
20190120 035318
20190120 075302
20190120 115257
20190120 155254
20190120 195224
20190120 231615
20190120 234716
20190121 015420
20190121 075244
20190121 115323
20190121 135255
20190121 135255
20190121 160723
20190122 142305
20190122 172322
20190123 135327




20190123 162302
20190123 162302
20190123 162302
20190123 162302
20190124 115255
20190124 195238
20190124 225322
20190125 035259
20190125 075252
20190125 115258
20190125 155301
20190125 195314
20190125 225306

20190126 075225
20190126 115326
20190126 155301
20190126 195302
20190126 225307
20190127 034523
20190127 075322
20190127 115327
20190127 155251
20190127 195217
20190127 225208
20190128 032510
20190128 075309
20190128 115300
20190128 162302
20190128 195259
20190128 224709
20190129 024519
20190129 075314
20190129 115327
20190129 155300
20190129 195216
20190129 225209
20190130 034809
20190130 075215
20190130 115303
20190130 155325
20190130 193615
20190130 230010
20190131 014711
20190131 075814

20190131 153519
20190131 193426
20190131 224308
20190201 031004
20190201 073915
20190201 113910
20190201 153452
20190201 194014
20190201 225914
20190202 031611
20190202 075516
20190202 115421
20190202 153941

20190202 230814
20190203 032811
20190203 073912
20190203 115536
20190203 155434
20190203 195311
20190203 225130
20190204 035009
20190204 075714
20190204 115705
20190204 155521
20190204 194541
20190204 224111

20190205 073214
20190205 100212
20190205 113145
20190205 154221
20190205 194629
20190205 225408
20190206 032214
20190206 075759
20190206 113457
20190206 133909
20190206 194210
20190206 224809


20190207 113403
20190207 153138
20190207 193236
20190207 225508



20190208 153137
20190208 193532
20190208 225510
20190209 021312
20190209 075810
20190209 115137
20190209 155656
20190209 195616
20190209 225210
20190210 023814
20190210 075215
20190210 115324
20190210 155317
20190210 195214
20190210 224909
20190211 035214
20190211 075245
20190211 115343
20190211 155256
20190211 195213
20190211 225116
20190212 033222
20190212 075214
20190212 115319
20190212 155301
20190212 195214
20190212 224914
20190213 031314
20190213 075215
20190213 115334
20190213 155309
20190213 195214
20190213 224514
20190214 035214
20190214 075308
20190214 115321
20190214 155325
20190214 195240
20190214 224711
20190215 033814
20190215 075315

20190215 155257
20190215 195326
20190215 225212
20190216 034014
20190216 075214
20190216 115255
20190216 155501
20190216 195217
20190216 224710
20190217 035214
20190217 075311
20190217 115246
20190217 155300
20190217 195215
20190217 224214
20190218 034414
20190218 075214
20190218 115326
20190218 155408
20190218 195237
20190218 224415
20190219 030415
20190219 075414
20190219 115312
20190219 155324
20190219 195224
20190219 225011
20190220 021716
20190220 075315
20190220 115429
20190220 155325
20190220 195216
20190220 225013
20190221 012815
20190221 075333
20190221 115335
20190221 155319
20190221 195239
20190221 225314
20190222 033734
20190222 075331
20190222 113547
20190222 155325
20190222 195225
20190222 223808
20190223 011010
20190223 075215
20190223 115224
20190223 155413
20190223 195214
20190223 225113
20190224 032911
20190224 075314
20190224 115249
20190224 155238
20190224 195315
20190224 221714
20190225 031845
20190225 075319
20190225 115341
20190225 155336
20190225 195317
20190225 225307


20190226 115259
20190226 155256
20190226 195215
20190226 225304
20190227 022352
20190227 075251
20190227 115258
20190227 195218
20190227 225303
20190228 034020
20190228 075245
20190228 115306
20190228 154434
20190228 195249
20190228 225102
20190301 024236
20190301 075225
20190301 115300
20190301 155301
20190301 194926
20190301 224626
20190302 020720
20190302 075237
20190302 115303
20190302 155253


20190303 000714
20190303 075327
20190303 114831
20190303 194520
20190303 184555
20190303 224814
20190304 030922
20190304 074651
20190304 115850
20190304 155647
20190304 195509
20190304 225015
20190305 004514
20190305 074528
20190305 115258
20190305 155318
20190305 195226
20190305 225133
20190306 025819
20190306 075225
20190306 114845
20190306 155136
20190306 192817
20190306 225120
20190307 035019
20190307 074426
20190307 115304
20190307 155259
20190307 195228
20190307 224517
20190308 033718
20190308 075243
20190308 114142
20190308 155158
20190308 195246
20190308 225153
20190309 034416
20190309 075226
20190309 115226
20190309 155219
20190309 195228
20190309 222221
20190310 031420
20190310 075301
20190310 115252
20190310 155254
20190310 195224
20190310 225017
20190311 024250
20190311 075250

20190311 155320
20190311 195246
20190311 225216
20190312 032817
20190312 075252
20190312 115301
20190312 155303
20190312 195226
20190312 225117
20190313 035020
20190313 075252
20190313 115307
20190313 155301
20190313 195225
20190313 224020
20190314 030024
20190314 075228
20190314 115303
20190314 155302
20190314 195224
20190314 224820
20190315 011920
20190315 075302
20190315 112957
20190315 142338
20190315 195300
20190315 224220
20190316 035103
20190316 075225
20190316 115306
20190316 155301
20190316 195225
20190316 220322
20190317 025721
20190317 075232
20190317 115300
20190317 155330
20190317 195230
20190317 225142
20190318 034120
20190318 075239
20190318 115307
20190318 155257
20190318 195239
20190318 225218
20190319 031820
20190319 075244
20190319 115306
20190319 155305
20190319 195228
20190319 225144
20190320 030427
20190320 075325
20190320 115303
20190320 155320
20190320 193046
20190320 225209
20190321 035210
20190321 075242
20190321 115311
20190321 155310
20190321 195814
20190321 224415
20190322 035214
20190322 074414
20190322 113838
20190322 155248
20190322 195217
20190322 225211
20190323 025228
20190323 075824
20190323 115300
20190323 155250
20190323 195216
20190323 225212
20190324 021014
20190324 075212
20190324 115226

20190324 195816
20190324 225234
20190325 034019
20190325 075235
20190325 115302
20190325 155303
20190325 195216
20190325 224929
20190326 031614
20190326 075715
20190326 115327
20190326 155251
20190326 195313
20190326 224615
20190327 033014
20190327 075224
20190327 115301
20190327 155316
20190327 195915
20190327 224816
20190328 025219
20190328 075242
20190328 114307
20190328 155304
20190328 195230
20190328 224517
20190329 005914
20190329 075928

20190329 155306
20190329 192854
20190329 224910
20190330 015421
20190330 075303
20190330 113443
20190330 155303
20190330 195226
20190330 225223
20190331 034220
20190331 075305
20190331 115304




20190401 010611
20190401 115305
20190401 155309
20190401 195218
20190401 224354
20190402 024420
20190402 064321
20190402 115237
20190402 155253



20190402 192321
20190403 054008
20190403 155251
20190403 195215
20190403 222036

20190404 075300
20190404 115258
20190404 155305
20190404 195307
20190404 222510
20190405 025614
20190405 075233
20190405 115301
20190405 155259
20190405 195226
20190405 224814
20190406 022414
20190406 075220
20190406 115256
20190406 155306
20190406 195215
20190406 225113
20190407 032221
20190407 075212
20190407 115241
20190407 155227
20190407 195313
20190407 224814
20190408 033019
20190408 075304
20190408 115306
20190408 154551
20190408 195235
20190408 225312

20190409 075225
20190409 115255
20190409 155303
20190409 195215
20190409 225021
20190410 033220
20190410 075224
20190410 115304
20190410 155302
20190410 195215
20190410 224414
20190411 034019
20190411 074545
20190411 115259
20190411 155250
20190411 195112
20190411 225215
20190412 020411
20190412 075230
20190412 115307
20190412 155257
20190412 195314
20190412 224916
20190413 021814
20190413 075256
20190413 115305
20190413 155302
20190413 195226
20190413 223821
20190413 230814
20190414 075305
20190414 115305
20190414 155226
20190414 195220
20190414 225215
20190415 015620
20190415 074050
20190415 115303
20190415 155256
20190415 195218
20190415 224517
20190416 031216
20190416 075216
20190416 115306
20190416 155257
20190416 195218
20190416 232131

20190417 075212
20190417 115307
20190417 155301
20190417 195311
20190417 225110
20190418 030604
20190418 075303
20190418 115307
