2018-12-24 10:52:05
20190102 195210
20190103 155325
20190103 195310
20190103 232009
20190103 232009
20190104 034911
20190104 071722
20190104 115338
20190104 155321
20190104 195210
20190104 232216
20190104 234911
20190105 013915
20190105 075324
20190105 115321
20190105 155327
20190105 195824
20190105 232214
20190105 235314
20190106 031414
20190106 075318
20190106 115252
20190106 155320
20190106 195114
20190106 232211
20190106 235110
20190107 035214
20190107 075236
20190107 115328
20190107 155325
20190107 195308
20190107 231913
20190107 235314
20190108 025109
20190108 075239
20190108 115324
20190108 155329
20190108 195233
20190108 232312
20190108 234814
20190109 022214
20190109 075312
20190109 115325
20190109 155335
20190109 195215
20190109 231020
20190109 235321
20190110 034017
20190110 075343
20190110 115316
20190110 155332
20190110 195223
20190110 232316
20190110 235314
20190111 031909
20190111 075323
20190111 115304
20190111 155339
20190111 195214
20190111 232108
20190111 234919
20190112 033816
20190112 075225
20190112 115330
20190112 155315
20190112 195228
20190112 232112
20190112 234419
20190113 024616
20190113 075300
20190113 115304
20190113 155301
20190113 195224
20190113 231810
20190113 234116
20190114 020716
20190114 105300
20190114 115335
20190114 155340
20190115 195314
20190115 232215
20190115 234513
20190116 011024
20190116 074438
20190116 231520
20190117 195254
20190117 232314
20190117 235315
20190118 034424
20190118 075315
20190118 115309
20190118 155322
20190118 195226
20190118 232110
20190118 235219
20190119 030024
20190119 075316
20190119 115304
20190119 155258
20190119 195216
20190119 232217
20190119 234024
20190120 033417
20190120 075302
20190120 115300
20190120 155248
20190120 195224
20190120 231714
20190120 234408
20190121 034825
20190121 075234
20190121 115323
20190121 135250
20190121 135250
20190121 160725
20190122 142259
20190122 172322
20190123 135327
20190123 155301



20190123 162308
20190123 162308
20190123 162308
20190123 162308
20190124 115259
20190124 195244
20190124 225321
20190125 035253
20190125 075256
20190125 115303
20190125 155258
20190125 195310
20190125 225306

20190126 075229
20190126 115326
20190126 155256
20190126 195238
20190126 225308
20190127 035122
20190127 075322
20190127 115327
20190127 155243
20190127 195218
20190127 224315
20190128 034815
20190128 075259
20190128 115254
20190128 162302
20190128 195252
20190128 225209
20190129 030415
20190129 075314
20190129 115326
20190129 155300
20190129 195216
20190129 224811
20190130 034615
20190130 075244
20190130 115254
20190130 155329
20190130 193615
20190130 225809
20190131 025214
20190131 075814

20190131 153520
20190131 193430
20190131 224724
20190201 033014
20190201 073916
20190201 113910
20190201 153453
20190201 193940
20190201 225708
20190202 021814
20190202 075516
20190202 115435
20190202 153941

20190202 230914
20190203 033610
20190203 073907
20190203 115536
20190203 155434
20190203 195414
20190203 225209
20190204 035014
20190204 075710
20190204 115705
20190204 155521
20190204 194624
20190204 224309

20190205 073229
20190205 100212
20190205 113154
20190205 154215
20190205 194655
20190205 225109
20190206 022115
20190206 075809
20190206 113457
20190206 133913
20190206 194203
20190206 224809


20190207 113403
20190207 153132
20190207 193236
20190207 225409



20190208 153143
20190208 193458
20190208 225610
20190209 022311
20190209 075814
20190209 115137
20190209 155651
20190209 195613
20190209 225210
20190210 024714
20190210 075218
20190210 115325
20190210 155322
20190210 195310
20190210 224809
20190211 035214
20190211 075214
20190211 115343
20190211 155306
20190211 195214
20190211 225115
20190212 034014
20190212 075258
20190212 115318
20190212 155303
20190212 195231
20190212 225311
20190213 034214
20190213 075214
20190213 115334
20190213 155311
20190213 195214
20190213 225312
20190214 034810
20190214 075318
20190214 115323
20190214 155324
20190214 195224
20190214 225012
20190215 035214
20190215 075315

20190215 155255
20190215 195326
20190215 224810
20190216 025109
20190216 075233
20190216 115255
20190216 155501
20190216 195229
20190216 224612
20190217 034214
20190217 075314
20190217 115246
20190217 155247
20190217 195214
20190217 224310
20190218 034414
20190218 075114
20190218 115327
20190218 155408
20190218 195215
20190218 223712
20190219 025814
20190219 075424
20190219 115312
20190219 155324
20190219 195202
20190219 225311
20190220 024014
20190220 075306
20190220 115425
20190220 155325
20190220 195214
20190220 225014
20190221 024914
20190221 075333
20190221 115335
20190221 155333
20190221 195239
20190221 224712
20190222 033734
20190222 075331
20190222 113540
20190222 155325
20190222 195215
20190222 225315
20190223 023515
20190223 075214
20190223 115225
20190223 155413
20190223 195014
20190223 225314
20190224 003611
20190224 075314
20190224 115246
20190224 155257
20190224 195114
20190224 223215
20190225 032826
20190225 075314
20190225 115348
20190225 155336
20190225 195319
20190225 225307

20190226 075224
20190226 115259
20190226 155256
20190226 195216
20190226 225304
20190227 033314
20190227 075251
20190227 115257
20190227 195253
20190227 225303
20190228 034415
20190228 075224
20190228 115300
20190228 154232
20190228 195300
20190228 225100
20190301 024415
20190301 075225
20190301 115240
20190301 155307
20190301 194925
20190301 224714
20190302 021810
20190302 075237
20190302 115303
20190302 155240


20190303 002614
20190303 075327
20190303 114830

20190303 184545
20190303 224915
20190304 034219
20190304 074650
20190304 115850
20190304 155647
20190304 195511
20190304 223519
20190305 023620
20190305 074528
20190305 115256
20190305 155303
20190305 195228
20190305 225217
20190306 030011
20190306 075230
20190306 114834
20190306 155215
20190306 192828
20190306 225114
20190307 013819
20190307 074246
20190307 115310
20190307 155301
20190307 195228
20190307 224517
20190308 033009
20190308 075225
20190308 114156
20190308 155158
20190308 195235
20190308 224955
20190309 020916
20190309 075301
20190309 115225
20190309 155226
20190309 195229
20190309 225116
20190310 031420
20190310 075301
20190310 115252
20190310 155254
20190310 195220
20190310 225116
20190311 032231
20190311 075224

20190311 155320
20190311 195237
20190311 225020
20190312 005316
20190312 075255
20190312 115301
20190312 155301
20190312 195236
20190312 225020
20190313 035020
20190313 075252
20190313 115259
20190313 155301
20190313 195220
20190313 225215
20190314 030024
20190314 075245
20190314 115255
20190314 155302
20190314 195227
20190314 223821
20190315 030421
20190315 075253
20190315 112956
20190315 142340
20190315 195300
20190315 225117
20190316 035220
20190316 075229
20190316 115302
20190316 155256
20190316 195224
20190316 220317
20190317 012225
20190317 075304
20190317 115244
20190317 155334
20190317 195119
20190317 225141
20190318 031720
20190318 075234
20190318 115307
20190318 155257
20190318 195301
20190318 224620
20190319 023320
20190319 075236
20190319 115256
20190319 155302
20190319 195241
20190319 225144
20190320 015125
20190320 075324
20190320 115305
20190320 155320
20190320 193046
20190320 225209
20190321 034815
20190321 075259
20190321 115311
20190321 155308
20190321 195814
20190321 225014
20190322 015214
20190322 074414
20190322 113837
20190322 155252
20190322 195223
20190322 224911
20190323 033014
20190323 075814
20190323 115300
20190323 155247
20190323 195216
20190323 225214
20190324 031215
20190324 075215
20190324 115242

20190324 195816
20190324 222913
20190325 011415
20190325 075224
20190325 115305
20190325 155257
20190325 195124
20190325 225013
20190326 035013
20190326 075843
20190326 115327
20190326 155244
20190326 195312
20190326 225014
20190327 031614
20190327 075224
20190327 115252
20190327 155316
20190327 195914
20190327 224341
20190328 033616
20190328 075242
20190328 114302
20190328 155258
20190328 195226
20190328 225224
20190329 033820
20190329 075916

20190329 155306
20190329 192847
20190329 225319
20190330 031619
20190330 075303
20190330 113444
20190330 155303
20190330 195225
20190330 225016
20190331 033559
20190331 075305
20190331 115302




20190401 010529
20190401 115305
20190401 155309
20190401 195220
20190401 225316
20190402 024211
20190402 064249
20190402 115308
20190402 155253



20190402 192316
20190403 052811
20190403 155257
20190403 195215
20190403 224814
20190404 032914
20190404 075306
20190404 115255
20190404 155259
20190404 195315
20190404 223915
20190405 023714
20190405 075233
20190405 115259
20190405 155301
20190405 195224
20190405 225314
20190406 032911
20190406 075236
20190406 115306
20190406 155312
20190406 195118
20190406 225214
20190407 012911
20190407 075244
20190407 115308
20190407 155226
20190407 195313
20190407 224814
20190408 033020
20190408 075303
20190408 115256
20190408 154551
20190408 195240
20190408 224412

20190409 075224
20190409 115258
20190409 155259
20190409 195215
20190409 224822
20190410 020815
20190410 075301
20190410 115259
20190410 155302
20190410 195116
20190410 224916
20190411 033313
20190411 074527
20190411 115304
20190411 155301
20190411 195215
20190411 225214
20190412 013624
20190412 075224
20190412 115309
20190412 155255
20190412 195316
20190412 223214
20190413 021721
20190413 075249
20190413 115305
20190413 155255
20190413 195226
20190413 223619
20190413 223619
20190414 075305
20190414 115304
20190414 155225
20190414 195324
20190414 224616
20190415 003419
20190415 074018
20190415 115307
20190415 155256
20190415 195218
20190415 222921
20190416 000047
20190416 075252
20190416 115306
20190416 155304
20190416 195215
20190416 202515
20190416 232131
20190417 075231
20190417 115304
20190417 155302
20190417 195255
20190417 224810
20190418 014113
20190418 075301
20190418 115307
