2018-12-20 16:53:03
20190102 195217
20190103 155329
20190103 195217
20190103 232009
20190103 232610
20190104 032210
20190104 071722
20190104 115338
20190104 155321
20190104 195110
20190104 232215
20190104 235110
20190105 032408
20190105 075316
20190105 115326
20190105 155327
20190105 195825
20190105 231710
20190105 235110
20190106 033814
20190106 075318
20190106 115258
20190106 155329
20190106 195220
20190106 232314
20190106 235012
20190107 022415
20190107 075309
20190107 115329
20190107 155326
20190107 195226
20190107 232313
20190107 235314
20190108 031220
20190108 075214
20190108 115327
20190108 155328
20190108 195225
20190108 231510
20190108 234911
20190109 034015
20190109 075316
20190109 115326
20190109 155333
20190109 195215
20190109 232315
20190109 235322
20190110 035211
20190110 075342
20190110 115316
20190110 155332
20190110 195215
20190110 232016
20190110 234220
20190111 020615
20190111 075315
20190111 115303
20190111 155339
20190111 195215
20190111 232109
20190111 235214
20190112 020424
20190112 075258
20190112 115327
20190112 155324
20190112 195227
20190112 231919
20190112 234915
20190113 034017
20190113 075247
20190113 115308
20190113 155258
20190113 195220
20190113 232016
20190113 235159
20190114 023619
20190114 105300
20190114 115336
20190114 155337
20190115 195315
20190115 232215
20190115 235110
20190116 011024
20190116 074504
20190116 232215
20190117 195229
20190117 232216
20190117 235015
20190118 033619
20190118 075314
20190118 115307
20190118 155323
20190118 195225
20190118 232224
20190118 234815
20190119 032018
20190119 075314
20190119 115304
20190119 155259
20190119 195220
20190119 231619
20190119 234024
20190120 024118
20190120 075300
20190120 115257
20190120 155251
20190120 195225
20190120 231615
20190120 232916
20190121 031141
20190121 075244
20190121 115323
20190121 135255
20190121 135255
20190121 160608
20190122 142305
20190122 172322
20190123 135325




20190123 162257
20190123 162257
20190123 162257
20190123 162257
20190124 115259
20190124 195254
20190124 225323
20190125 035300
20190125 075300
20190125 115303
20190125 155301
20190125 195315
20190125 225306

20190126 075222
20190126 115326
20190126 155302
20190126 195302
20190126 225308
20190127 035020
20190127 075311
20190127 115327
20190127 155251
20190127 195218
20190127 225108
20190128 034210
20190128 075310
20190128 115254
20190128 162302
20190128 195307
20190128 225210
20190129 025409
20190129 075314
20190129 115327
20190129 155243
20190129 195214
20190129 225310
20190130 034009
20190130 075244
20190130 115303
20190130 155335
20190130 193613
20190130 224409
20190131 035439
20190131 075814

20190131 153519
20190131 193434
20190131 224148
20190201 032320
20190201 073914
20190201 113909
20190201 153453
20190201 194115
20190201 225610
20190202 033614
20190202 075517
20190202 115435
20190202 153941

20190202 230914
20190203 024415
20190203 073912
20190203 115536
20190203 155434
20190203 195309
20190203 225130
20190204 033914
20190204 075714
20190204 115706
20190204 155520
20190204 194616
20190204 224914

20190205 073214
20190205 100213
20190205 113148
20190205 154221
20190205 194651
20190205 225416
20190206 033210
20190206 075814
20190206 113457
20190206 133909
20190206 194203
20190206 224709


20190207 113355
20190207 153137
20190207 193237
20190207 225109



20190208 153140
20190208 193516
20190208 225610
20190209 021211
20190209 075814
20190209 115137
20190209 155651
20190209 195617
20190209 225309
20190210 025014
20190210 075218
20190210 115324
20190210 155317
20190210 195309
20190210 225310
20190211 035214
20190211 075144
20190211 115343
20190211 155306
20190211 195214
20190211 225116
20190212 034014
20190212 075258
20190212 115318
20190212 155303
20190212 195231
20190212 224930
20190213 034214
20190213 075219
20190213 115334
20190213 155309
20190213 195238
20190213 224515
20190214 035214
20190214 075315
20190214 115322
20190214 155323
20190214 195240
20190214 224911
20190215 032511
20190215 075320

20190215 155257
20190215 195325
20190215 224512
20190216 033510
20190216 075214
20190216 115255
20190216 155501
20190216 195227
20190216 223711
20190217 034214
20190217 075315
20190217 115302
20190217 155258
20190217 195214
20190217 225111
20190218 034414
20190218 075214
20190218 115325
20190218 155408
20190218 195220
20190218 225213
20190219 033014
20190219 075415
20190219 115312
20190219 155324
20190219 195247
20190219 225011
20190220 003506
20190220 075314
20190220 115426
20190220 155325
20190220 195214
20190220 224812
20190221 034214
20190221 075315
20190221 115332
20190221 155326
20190221 195228
20190221 225211
20190222 035003
20190222 075331
20190222 113540
20190222 155325
20190222 195225
20190222 224614
20190223 032416
20190223 075316
20190223 115217
20190223 155413
20190223 195214
20190223 225214
20190224 002714
20190224 075314
20190224 115249
20190224 155306
20190224 195324
20190224 222111
20190225 022416
20190225 075218
20190225 115348
20190225 155331
20190225 195318



20190226 115249
20190226 155249
20190226 195219
20190226 225303
20190227 031819
20190227 075251
20190227 115303
20190227 195239
20190227 225302
20190228 034020
20190228 075232
20190228 115300
20190228 154227
20190228 195242
20190228 225102
20190301 024520
20190301 075224
20190301 115301
20190301 155307
20190301 194934
20190301 225311
20190302 014820
20190302 075257
20190302 115303
20190302 155253


20190303 010115
20190303 075337
20190303 114832
20190303 184545
20190303 194530
20190303 224916
20190304 031425
20190304 074651
20190304 115850
20190304 155650
20190304 195513
20190304 224028
20190305 002424
20190305 074534
20190305 115253
20190305 155317
20190305 195237
20190305 225209
20190306 025002
20190306 075253
20190306 114830
20190306 155141
20190306 192832
20190306 224227
20190307 022824
20190307 074425
20190307 115304
20190307 155301
20190307 195250
20190307 223720
20190308 033819
20190308 075243
20190308 114141
20190308 155200
20190308 195235
20190308 224257
20190309 021224
20190309 075218
20190309 115226
20190309 155224
20190309 195231
20190309 225224
20190310 034024
20190310 075304
20190310 115247
20190310 155254
20190310 195225
20190310 225017
20190311 025419
20190311 075250

20190311 155321
20190311 195246
20190311 224219
20190312 030915
20190312 075303
20190312 115301
20190312 155303
20190312 195225
20190312 225216
20190313 033920
20190313 075252
20190313 115310
20190313 155306
20190313 195225
20190313 225020
20190314 031211
20190314 075302
20190314 115255
20190314 155251
20190314 195224
20190314 223821
20190315 023025
20190315 075302
20190315 112957
20190315 142338
20190315 195254
20190315 224726
20190316 035220
20190316 075225
20190316 115306
20190316 155301
20190316 195221
20190316 220318
20190317 024917
20190317 075224
20190317 115244
20190317 155334
20190317 195222
20190317 225218
20190318 022017
20190318 075225
20190318 115302
20190318 155257
20190318 195239
20190318 224818
20190319 022419
20190319 075225
20190319 115306
20190319 155302
20190319 195241
20190319 225143
20190320 014720
20190320 075325
20190320 115303
20190320 155320
20190320 193045
20190320 225209
20190321 035022
20190321 075310
20190321 115310
20190321 155310
20190321 195814
20190321 225214
20190322 033614
20190322 074300
20190322 113835
20190322 155255
20190322 195223
20190322 225311
20190323 034214
20190323 075814
20190323 115300
20190323 155247
20190323 195216
20190323 224714
20190324 031413
20190324 075214
20190324 115237

20190324 195814
20190324 224514
20190325 033221
20190325 075235
20190325 115304
20190325 155257
20190325 195311
20190325 225314
20190326 031359
20190326 075843
20190326 115327
20190326 155251
20190326 195234
20190326 225014
20190327 032614
20190327 075224
20190327 115252
20190327 155316
20190327 195914
20190327 225114
20190328 034509
20190328 075242
20190328 114302
20190328 155304
20190328 195231
20190328 225224
20190329 034420
20190329 075915

20190329 155306
20190329 192854
20190329 224622
20190330 024913
20190330 075303
20190330 113436
20190330 155303
20190330 195225
20190330 225217
20190331 033554
20190331 075305
20190331 115304
20190331 155248



20190401 010521
20190401 115305
20190401 155304
20190401 195234
20190401 225249
20190402 022225
20190402 064249
20190402 115308
20190402 155259



20190402 192322
20190403 053908
20190403 155257
20190403 195221
20190403 224114
20190404 031652
20190404 075300
20190404 115259
20190404 155302
20190404 195304
20190404 223919
20190405 034514
20190405 075215
20190405 115301
20190405 155259
20190405 195226
20190405 225212
20190406 012513
20190406 075216
20190406 115300
20190406 155306
20190406 195212
20190406 224513
20190407 025820
20190407 075215
20190407 115308
20190407 155228
20190407 195314
20190407 225214
20190408 033020
20190408 075304
20190408 115258
20190408 154549
20190408 195242
20190408 223811

20190409 075226
20190409 115247
20190409 155303
20190409 195215
20190409 224117
20190410 033220
20190410 075300
20190410 115304
20190410 155302
20190410 195214
20190410 224524
20190411 033319
20190411 074526
20190411 115259
20190411 155301
20190411 195224
20190411 224714
20190412 003314
20190412 075244
20190412 115307
20190412 155257
20190412 195234
20190412 225315
20190413 023019
20190413 075256
20190413 115255
20190413 155258
20190413 195225
20190413 224615
20190413 225715
20190414 075305
20190414 115306
20190414 155226
20190414 195324
20190414 224714
20190415 035220
20190415 074038
20190415 115306
20190415 155304
20190415 195224
20190415 223515
20190416 025410
20190416 075230
20190416 115306
20190416 155304
20190416 195215
20190416 232131

20190417 075231
20190417 115308
20190417 155302
20190417 195213
20190417 224910
20190418 021416
20190418 075303
20190418 115301
