2018-12-20 16:53:03
20190102 195215
20190103 155327
20190103 195218
20190103 232009
20190103 232510
20190104 035111
20190104 071722
20190104 115338
20190104 155321
20190104 194910
20190104 232216
20190104 235110
20190105 025310
20190105 075314
20190105 115323
20190105 155329
20190105 195824
20190105 231211
20190105 235314
20190106 032313
20190106 075318
20190106 115248
20190106 155329
20190106 195215
20190106 232314
20190106 235012
20190107 024715
20190107 075315
20190107 115330
20190107 155325
20190107 195224
20190107 232315
20190107 235225
20190108 035220
20190108 075230
20190108 115328
20190108 155329
20190108 195225
20190108 231811
20190108 234815
20190109 033019
20190109 075316
20190109 115326
20190109 155334
20190109 195215
20190109 232315
20190109 235321
20190110 034016
20190110 075342
20190110 115316
20190110 155333
20190110 195215
20190110 232316
20190110 233715
20190111 031909
20190111 075319
20190111 115302
20190111 155329
20190111 195212
20190111 232214
20190111 234114
20190112 024614
20190112 075258
20190112 115331
20190112 155317
20190112 195227
20190112 232214
20190112 235218
20190113 010717
20190113 075247
20190113 115308
20190113 155301
20190113 195231
20190113 231624
20190113 235215
20190114 025419
20190114 105251
20190114 115338
20190114 155333
20190115 195314
20190115 231417
20190115 234713
20190116 011613
20190116 074505
20190116 232314
20190117 195233
20190117 231713
20190117 235306
20190118 034424
20190118 075315
20190118 115308
20190118 155323
20190118 195254
20190118 232212
20190118 235219
20190119 013019
20190119 075316
20190119 115258
20190119 155302
20190119 195239
20190119 232217
20190119 234520
20190120 033920
20190120 075302
20190120 115302
20190120 155251
20190120 195225
20190120 232224
20190120 235017
20190121 033819
20190121 075252
20190121 115323
20190121 135259
20190121 135259
20190121 160724
20190122 142305
20190122 172322
20190123 135326




20190123 162304
20190123 162304
20190123 162304
20190123 162304
20190124 115259
20190124 195239
20190124 225321
20190125 035257
20190125 075301
20190125 115301
20190125 155258
20190125 195313
20190125 225306

20190126 075229
20190126 115326
20190126 155259
20190126 195238
20190126 225308
20190127 034608
20190127 075322
20190127 115328
20190127 155239
20190127 195217
20190127 224309
20190128 035116
20190128 075316
20190128 115303
20190128 162302
20190128 195252
20190128 225116
20190129 025409
20190129 075314
20190129 115326
20190129 155255
20190129 195215
20190129 225209
20190130 034012
20190130 075212
20190130 115300
20190130 155332
20190130 193614
20190130 225809
20190131 035110
20190131 075814

20190131 153519
20190131 193430
20190131 224308
20190201 023149
20190201 073915
20190201 113849
20190201 153500
20190201 194042
20190201 225610
20190202 030614
20190202 075516
20190202 115444
20190202 153929

20190202 230914
20190203 033510
20190203 073912
20190203 115531
20190203 155437
20190203 195410
20190203 225129
20190204 035009
20190204 075716
20190204 115705
20190204 155523
20190204 194637
20190204 224709

20190205 073229
20190205 100213
20190205 113148
20190205 154218
20190205 194617
20190205 225109
20190206 032314
20190206 075814
20190206 113456
20190206 133906
20190206 194210
20190206 224209

20190207 073356
20190207 113403
20190207 153138
20190207 193241
20190207 225010



20190208 153143
20190208 193542
20190208 225414
20190209 023110
20190209 075814
20190209 115132
20190209 155656
20190209 195617
20190209 225400
20190210 030214
20190210 075214
20190210 115325
20190210 155324
20190210 195211
20190210 225210
20190211 030810
20190211 075214
20190211 115343
20190211 155303
20190211 195214
20190211 225115
20190212 034014
20190212 075258
20190212 115319
20190212 155303
20190212 195231
20190212 224914
20190213 034214
20190213 075214
20190213 115334
20190213 155309
20190213 195238
20190213 225210
20190214 033816
20190214 075310
20190214 115326
20190214 155324
20190214 195247
20190214 225111
20190215 035214
20190215 075314

20190215 155238
20190215 195326
20190215 224906
20190216 034314
20190216 075211
20190216 115240
20190216 155501
20190216 195224
20190216 224515
20190217 035214
20190217 075353
20190217 115251
20190217 155259
20190217 195212
20190217 225311
20190218 032414
20190218 075232
20190218 115327
20190218 155408
20190218 195237
20190218 224415
20190219 023614
20190219 075424
20190219 115312
20190219 155324
20190219 195215
20190219 225111
20190220 024014
20190220 075315
20190220 115428
20190220 155325
20190220 195217
20190220 225214
20190221 020614
20190221 075333
20190221 115335
20190221 155333
20190221 195239
20190221 225213
20190222 035003
20190222 075331
20190222 113547
20190222 155325
20190222 195310
20190222 224613
20190223 032316
20190223 075214
20190223 115222
20190223 155414
20190223 195214
20190223 225312
20190224 013510
20190224 075314
20190224 115246
20190224 155306
20190224 195315
20190224 225112
20190225 022347
20190225 075319
20190225 115348
20190225 155336
20190225 195317
20190225 225307


20190226 115259
20190226 155243
20190226 195219
20190226 225304
20190227 030014
20190227 075215
20190227 115258
20190227 195253
20190227 225304
20190228 033300
20190228 075239
20190228 115301
20190228 154230
20190228 195226
20190228 225100
20190301 024650
20190301 075225
20190301 115300
20190301 155307
20190301 194925
20190301 225310
20190302 022611
20190302 075130
20190302 115301
20190302 155253


20190303 004414
20190303 075327
20190303 114830
20190303 194530
20190303 184545
20190303 224813
20190304 030222
20190304 074651
20190304 115850
20190304 155647
20190304 195524
20190304 224914
20190305 023620
20190305 074526
20190305 115254
20190305 155316
20190305 195231
20190305 225210
20190306 030619
20190306 075230
20190306 114832
20190306 155134
20190306 192833
20190306 225122
20190307 031220
20190307 074351
20190307 115304
20190307 155301
20190307 195250
20190307 224816
20190308 015219
20190308 075227
20190308 114154
20190308 155148
20190308 195237
20190308 225153
20190309 025222
20190309 075301
20190309 115226
20190309 155226
20190309 195227
20190309 224419
20190310 035214
20190310 075301
20190310 115252
20190310 155252
20190310 195225
20190310 225115
20190311 033520
20190311 075250

20190311 155320
20190311 195246
20190311 224912
20190312 034420
20190312 075254
20190312 115252
20190312 155303
20190312 195235
20190312 225217
20190313 032420
20190313 075300
20190313 115307
20190313 155253
20190313 195220
20190313 225020
20190314 031419
20190314 075228
20190314 115255
20190314 155302
20190314 195221
20190314 224316
20190315 035206
20190315 075302
20190315 112957
20190315 142337
20190315 195254
20190315 225214
20190316 035220
20190316 075225
20190316 115306
20190316 155301
20190316 195226
20190316 220315
20190317 033824
20190317 075224
20190317 115300
20190317 155334
20190317 195226
20190317 225142
20190318 021624
20190318 075239
20190318 115302
20190318 155257
20190318 195301
20190318 225028
20190319 030920
20190319 075224
20190319 115306
20190319 155302
20190319 195241
20190319 225144
20190320 035234
20190320 075324
20190320 115258
20190320 155320
20190320 193014
20190320 225209
20190321 034742
20190321 075245
20190321 115311
20190321 155310
20190321 195814
20190321 224909
20190322 032811
20190322 074313
20190322 113837
20190322 155248
20190322 195220
20190322 225010
20190323 034214
20190323 075812
20190323 115300
20190323 155250
20190323 195216
20190323 223812
20190324 031013
20190324 075214
20190324 115242

20190324 195812
20190324 224416
20190325 020220
20190325 075217
20190325 115257
20190325 155303
20190325 195311
20190325 224924
20190326 034019
20190326 075843
20190326 115327
20190326 155251
20190326 195313
20190326 225216
20190327 031415
20190327 075217
20190327 115255
20190327 155316
20190327 195916
20190327 225217
20190328 024115
20190328 075241
20190328 114302
20190328 155302
20190328 195228
20190328 225224
20190329 034420
20190329 075916

20190329 155306
20190329 192836
20190329 225317
20190330 020918
20190330 075250
20190330 113444
20190330 155252
20190330 195226
20190330 225222
20190331 033557
20190331 075305
20190331 115302
20190331 155256



20190401 010026
20190401 115306
20190401 155309
20190401 195312
20190401 225317
20190402 020915
20190402 064249
20190402 115308
20190402 155253



20190402 192310
20190403 054315
20190403 155257
20190403 195136
20190403 224911
20190404 023210
20190404 075306
20190404 115254
20190404 155255
20190404 195314
20190404 223614
20190405 023916
20190405 075216
20190405 115301
20190405 155259
20190405 195114
20190405 224710
20190406 033914
20190406 075216
20190406 115255
20190406 155306
20190406 195214
20190406 225215
20190407 032014
20190407 075214
20190407 115308
20190407 155229
20190407 195227
20190407 224312
20190408 005615
20190408 075303
20190408 115306
20190408 154550
20190408 195233
20190408 225321

20190409 075225
20190409 115305
20190409 155303
20190409 195216
20190409 224415
20190410 031714
20190410 075300
20190410 115304
20190410 155302
20190410 195216
20190410 225214
20190411 024619
20190411 074526
20190411 115259
20190411 155301
20190411 195215
20190411 225214
20190412 033819
20190412 075230
20190412 115309
20190412 155300
20190412 195314
20190412 222817
20190413 033424
20190413 075256
20190413 115254
20190413 155255
20190413 195225
20190413 225116
20190413 230409
20190414 075305
20190414 115306
20190414 155227
20190414 195325
20190414 224220
20190415 014820
20190415 074027
20190415 115306
20190415 155251
20190415 195217
20190415 225227
20190416 034112
20190416 075252
20190416 115306
20190416 155304
20190416 195214
20190416 202519
20190416 232131
20190417 075231
20190417 115309
20190417 155302
20190417 195255
20190417 224712
20190418 010008
20190418 075301
20190418 115305
