2018-12-20 16:53:03
20190102 195214
20190103 155330
20190103 195219
20190103 232109
20190103 232109
20190104 034914
20190104 071728
20190104 115338
20190104 155321
20190104 195315
20190104 232217
20190104 235310
20190105 032408
20190105 075315
20190105 115322
20190105 155329
20190105 195826
20190105 232108
20190105 235311
20190106 024516
20190106 075314
20190106 115258
20190106 155324
20190106 195214
20190106 232314
20190106 235014
20190107 025315
20190107 075315
20190107 115329
20190107 155325
20190107 195308
20190107 232110
20190107 235112
20190108 033915
20190108 075239
20190108 115323
20190108 155327
20190108 195233
20190108 232313
20190108 234815
20190109 034911
20190109 075316
20190109 115325
20190109 155333
20190109 195216
20190109 231912
20190109 235322
20190110 034214
20190110 075342
20190110 115316
20190110 155331
20190110 195223
20190110 232211
20190110 235314
20190111 034219
20190111 075319
20190111 115304
20190111 155339
20190111 195214
20190111 232015
20190111 233614
20190112 033620
20190112 075258
20190112 115328
20190112 155325
20190112 195228
20190112 231915
20190112 234712
20190113 034820
20190113 075300
20190113 115304
20190113 155236
20190113 195216
20190113 232215
20190113 234712
20190114 014419
20190114 105300
20190114 115341
20190114 155337
20190115 195315
20190115 231618
20190115 235213
20190116 003620
20190116 074505
20190116 232215
20190117 195228
20190117 232220
20190117 235306
20190118 034424
20190118 075316
20190118 115308
20190118 155322
20190118 195229
20190118 232228
20190118 234613
20190119 032018
20190119 075315
20190119 115304
20190119 155302
20190119 195220
20190119 232217
20190119 233517
20190120 020625
20190120 075301
20190120 115302
20190120 155248
20190120 195224
20190120 230620
20190120 234915
20190121 003215
20190121 075252
20190121 115321
20190121 135259
20190121 135259
20190121 160723
20190122 142304
20190122 172322
20190123 135325




20190123 162308
20190123 162308
20190123 162308
20190123 162308
20190124 115259
20190124 195244
20190124 225321
20190125 035302
20190125 075255
20190125 115303
20190125 155256
20190125 195317
20190125 225306

20190126 075225
20190126 115326
20190126 155256
20190126 195302
20190126 225308
20190127 034608
20190127 075322
20190127 115327
20190127 155302
20190127 195216
20190127 224408
20190128 033615
20190128 075315
20190128 115303
20190128 162302
20190128 195307
20190128 225309
20190129 034909
20190129 075314
20190129 115327
20190129 155300
20190129 195216
20190129 224908
20190130 035009
20190130 075214
20190130 115301
20190130 155332
20190130 193615
20190130 230014
20190131 014810
20190131 075814

20190131 153520
20190131 193434
20190131 224733
20190201 031846
20190201 073916
20190201 113849
20190201 153453
20190201 194102
20190201 225708
20190202 032814
20190202 075516
20190202 115435
20190202 153941

20190202 230210
20190203 032914
20190203 073910
20190203 115535
20190203 155434
20190203 195415
20190203 225131
20190204 033914
20190204 075716
20190204 115705
20190204 155520
20190204 194541
20190204 224907

20190205 073214
20190205 100213
20190205 113148
20190205 154223
20190205 194655
20190205 225414
20190206 033014
20190206 075814
20190206 113457
20190206 133853
20190206 194209
20190206 224709


20190207 113403
20190207 153138
20190207 193232
20190207 225211



20190208 153143
20190208 193530
20190208 225414
20190209 033309
20190209 075711
20190209 115132
20190209 155648
20190209 195617
20190209 225309
20190210 024714
20190210 075218
20190210 115322
20190210 155324
20190210 195215
20190210 225210
20190211 031814
20190211 075236
20190211 115343
20190211 155256
20190211 195211
20190211 225215
20190212 033149
20190212 075258
20190212 115319
20190212 155303
20190212 195231
20190212 225115
20190213 032816
20190213 075216
20190213 115334
20190213 155308
20190213 195238
20190213 224514
20190214 032614
20190214 075317
20190214 115326
20190214 155330
20190214 195224
20190214 224711
20190215 033814
20190215 075320

20190215 155257
20190215 195325
20190215 223506
20190216 034216
20190216 075233
20190216 115255
20190216 155501
20190216 195224
20190216 225111
20190217 033215
20190217 075322
20190217 115228
20190217 155258
20190217 195214
20190217 224408
20190218 030112
20190218 075232
20190218 115326
20190218 155408
20190218 195214
20190218 224415
20190219 023614
20190219 075415
20190219 115311
20190219 155324
20190219 195225
20190219 225111
20190220 004214
20190220 075315
20190220 115426
20190220 155327
20190220 195215
20190220 224810
20190221 014115
20190221 075333
20190221 115332
20190221 155333
20190221 195215
20190221 225312
20190222 035003
20190222 075331
20190222 113547
20190222 155325
20190222 195225
20190222 225315
20190223 034310
20190223 075314
20190223 115215
20190223 155227
20190223 195214
20190223 224811
20190224 032516
20190224 075314
20190224 115250
20190224 155306
20190224 195315
20190224 224912
20190225 034713
20190225 075315
20190225 115348
20190225 155336
20190225 195317
20190225 225307

20190226 075224
20190226 115259
20190226 155257
20190226 195219
20190226 225303
20190227 034314
20190227 075251
20190227 115303
20190227 195239
20190227 225303
20190228 032943
20190228 075234
20190228 115249
20190228 154232
20190228 195245
20190228 225106
20190301 025057
20190301 075224
20190301 115301
20190301 155307
20190301 194924
20190301 225311
20190302 024420
20190302 075237
20190302 115301
20190302 155248


20190302 232824
20190303 075327
20190303 114830
20190303 184546
20190303 194524
20190303 224628
20190304 033826
20190304 074650
20190304 115846
20190304 155650
20190304 195524
20190304 224914
20190305 001814
20190305 074528
20190305 115254
20190305 155318
20190305 195117
20190305 225211
20190306 034626
20190306 075225
20190306 114829
20190306 155201
20190306 192825
20190306 224521
20190307 030224
20190307 074246
20190307 115308
20190307 155301
20190307 195250
20190307 225020
20190308 013417
20190308 075243
20190308 114149
20190308 155142
20190308 195237
20190308 225215
20190309 021422
20190309 075217
20190309 115225
20190309 155225
20190309 195232
20190309 225007
20190310 035219
20190310 075304
20190310 115252
20190310 155254
20190310 195224
20190310 225116
20190311 030820
20190311 075221

20190311 155320
20190311 195246
20190311 224620
20190312 030916
20190312 075303
20190312 115301
20190312 155303
20190312 195227
20190312 224333
20190313 035020
20190313 075303
20190313 115310
20190313 155306
20190313 195224
20190313 225254
20190314 034820
20190314 075301
20190314 115303
20190314 155251
20190314 195225
20190314 223405
20190315 025616
20190315 075246
20190315 112957
20190315 142339
20190315 195300
20190315 224816
20190316 035220
20190316 075226
20190316 115306
20190316 155256
20190316 195224
20190316 220122
20190317 032021
20190317 075232
20190317 115300
20190317 155334
20190317 195222
20190317 225218
20190318 022018
20190318 075234
20190318 115307
20190318 155256
20190318 195239
20190318 225027
20190319 031315
20190319 075225
20190319 115259
20190319 155255
20190319 195224
20190319 225144
20190320 010518
20190320 075325
20190320 115251
20190320 155320
20190320 193045
20190320 224058
20190321 035022
20190321 075310
20190321 115310
20190321 155308
20190321 195814
20190321 224710
20190322 033614
20190322 074414
20190322 113837
20190322 155255
20190322 195222
20190322 225311
20190323 033014
20190323 075826
20190323 115249
20190323 155250
20190323 195216
20190323 224814
20190324 031313
20190324 075119
20190324 115242

20190324 195819
20190324 225214
20190325 013111
20190325 075215
20190325 115304
20190325 155257
20190325 195312
20190325 225317
20190326 032615
20190326 075853
20190326 115326
20190326 155252
20190326 195312
20190326 225114
20190327 035220
20190327 075224
20190327 115301
20190327 155316
20190327 195916
20190327 225224
20190328 032716
20190328 075225
20190328 114307
20190328 155301
20190328 195224
20190328 225224
20190329 033619
20190329 075915

20190329 155301
20190329 192826
20190329 225222
20190330 022016
20190330 075243
20190330 113437
20190330 155303
20190330 195227
20190330 225221
20190331 033600
20190331 075305
20190331 115302




20190401 010029
20190401 115306
20190401 155254
20190401 195234
20190401 224355
20190402 024211
20190402 064249
20190402 115308
20190402 155245



20190402 192327
20190403 051619
20190403 155251
20190403 195123
20190403 224814
20190404 034614
20190404 075300
20190404 115254
20190404 155258
20190404 195314
20190404 223816
20190405 034814
20190405 075236
20190405 115244
20190405 155301
20190405 195214
20190405 225012
20190406 024219
20190406 075217
20190406 115257
20190406 155312
20190406 195226
20190406 225227
20190407 004712
20190407 075244
20190407 115304
20190407 155225
20190407 195234
20190407 225214
20190408 034814
20190408 075304
20190408 115306
20190408 154549
20190408 195235
20190408 225040

20190409 075225
20190409 115255
20190409 155300
20190409 195215
20190409 224013
20190410 033220
20190410 075300
20190410 115259
20190410 155302
20190410 195214
20190410 224715
20190411 033319
20190411 074526
20190411 115250
20190411 155250
20190411 195215
20190411 225214
20190412 033216
20190412 075224
20190412 115312
20190412 155255
20190412 195314
20190412 222617
20190413 033419
20190413 075256
20190413 115305
20190413 155255
20190413 195225
20190413 222429
20190413 225613
20190414 075305
20190414 115304
20190414 155225
20190414 195317
20190414 225020
20190414 234420
20190415 074026
20190415 115307
20190415 155304
20190415 195217
20190415 225226
20190416 032713
20190416 075220
20190416 115306
20190416 155304
20190416 195216
20190416 232131

20190417 075214
20190417 115309
20190417 155301
20190417 195255
20190417 224923
20190418 021610
20190418 075301
20190418 115307
