2018-12-20 16:53:03
20190102 195215
20190103 155330
20190103 195216
20190103 232214
20190103 232308
20190104 030910
20190104 071724
20190104 115332
20190104 155320
20190104 195316
20190104 232216
20190104 235011
20190105 022516
20190105 075314
20190105 115324
20190105 155324
20190105 195826
20190105 231808
20190105 235314
20190106 031313
20190106 075317
20190106 115258
20190106 155324
20190106 195220
20190106 232227
20190106 235012
20190107 010515
20190107 075320
20190107 115330
20190107 155325
20190107 195224
20190107 231613
20190107 235311
20190108 023416
20190108 075214
20190108 115329
20190108 155329
20190108 195224
20190108 231513
20190108 234815
20190109 032014
20190109 075315
20190109 115326
20190109 155335
20190109 195215
20190109 231019
20190109 235317
20190110 034017
20190110 075342
20190110 115316
20190110 155334
20190110 195223
20190110 232316
20190110 234614
20190111 033615
20190111 075317
20190111 115304
20190111 155338
20190111 195214
20190111 232109
20190111 234313
20190112 035013
20190112 075245
20190112 115330
20190112 155315
20190112 195229
20190112 231919
20190112 233920
20190113 031810
20190113 075300
20190113 115252
20190113 155243
20190113 195220
20190113 231811
20190113 234218
20190114 012620
20190114 105257
20190114 115337
20190114 155337
20190115 195315
20190115 232314
20190115 234814
20190116 011024
20190116 074504
20190116 231814
20190117 195233
20190117 231819
20190117 235306
20190118 032420
20190118 075315
20190118 115308
20190118 155323
20190118 195238
20190118 232213
20190118 234613
20190119 030024
20190119 075218
20190119 115304
20190119 155302
20190119 195239
20190119 232216
20190119 234520
20190120 033419
20190120 075256
20190120 115249
20190120 155251
20190120 195225
20190120 232224
20190120 235224
20190121 023021
20190121 075244
20190121 115324
20190121 135255
20190121 135255
20190121 160729
20190122 142304
20190122 172322
20190123 135326
20190123 155314



20190123 162308
20190123 162308
20190123 162308
20190123 162308
20190124 115258
20190124 195254
20190124 225322
20190125 035256
20190125 075300
20190125 115303
20190125 155301
20190125 195312
20190125 225306

20190126 075226
20190126 115326
20190126 155258
20190126 195234
20190126 225308
20190127 034523
20190127 075322
20190127 115327
20190127 155302
20190127 195245
20190127 223909
20190128 034210
20190128 075315
20190128 115303
20190128 162302
20190128 195307
20190128 225308
20190129 032409
20190129 075309
20190129 115327
20190129 155252
20190129 195215
20190129 225309
20190130 030009
20190130 075244
20190130 115259
20190130 155335
20190130 193614
20190130 225210
20190131 033311
20190131 075814

20190131 153520
20190131 193434
20190131 224402
20190201 033309
20190201 073914
20190201 113908
20190201 153452
20190201 194115
20190201 225610
20190202 031614
20190202 075515
20190202 115433
20190202 153941

20190202 230914
20190203 032914
20190203 073910
20190203 115536
20190203 155434
20190203 195414
20190203 225131
20190204 032111
20190204 075716
20190204 115705
20190204 155520
20190204 194624
20190204 224914

20190205 073214
20190205 100212
20190205 113148
20190205 154223
20190205 194655
20190205 225309
20190206 032812
20190206 075814
20190206 113456
20190206 133909
20190206 194210
20190206 224809

20190207 073356
20190207 113403
20190207 153138
20190207 193231
20190207 225317



20190208 153135
20190208 193518
20190208 225409
20190209 025814
20190209 075814
20190209 115137
20190209 155656
20190209 195616
20190209 225211
20190210 025614
20190210 075115
20190210 115325
20190210 155317
20190210 195310
20190210 224808
20190211 023614
20190211 075209
20190211 115343
20190211 155303
20190211 195214
20190211 225215
20190212 034916
20190212 075211
20190212 115319
20190212 155249
20190212 195231
20190212 224925
20190213 031310
20190213 075215
20190213 115333
20190213 155309
20190213 195238
20190213 225311
20190214 033816
20190214 075315
20190214 115323
20190214 155325
20190214 195240
20190214 225211
20190215 035214
20190215 075315

20190215 155241
20190215 195315
20190215 223910
20190216 034314
20190216 075233
20190216 115255
20190216 155421
20190216 195234
20190216 225010
20190217 035214
20190217 075353
20190217 115251
20190217 155300
20190217 195214
20190217 225309
20190218 033414
20190218 075214
20190218 115327
20190218 155406
20190218 195237
20190218 224506
20190219 034014
20190219 075414
20190219 115312
20190219 155325
20190219 195214
20190219 225312
20190220 004824
20190220 075206
20190220 115425
20190220 155324
20190220 195214
20190220 225112
20190221 033010
20190221 075315
20190221 115332
20190221 155324
20190221 195228
20190221 225314
20190222 035213
20190222 075331
20190222 113540
20190222 155325
20190222 195310
20190222 224910
20190223 014716
20190223 075314
20190223 115225
20190223 155315
20190223 195214
20190223 225313
20190224 032216
20190224 075314
20190224 115250
20190224 155306
20190224 195324
20190224 222416
20190225 015820
20190225 075315
20190225 115348
20190225 155331
20190225 195316
20190225 225307


20190226 115249
20190226 155256
20190226 195215
20190226 225303
20190227 022420
20190227 075251
20190227 115303
20190227 195253
20190227 225302
20190228 034020
20190228 075245
20190228 115301
20190228 154239
20190228 195300
20190228 224732
20190301 024514
20190301 075224
20190301 115301
20190301 155301
20190301 194912
20190301 225310
20190302 014515
20190302 075237
20190302 115303
20190302 155253


20190303 011714
20190303 075328
20190303 114834
20190303 184535

20190303 224630
20190304 023321
20190304 074650
20190304 115850
20190304 155650
20190304 195512
20190304 224121
20190305 034116
20190305 074534
20190305 115250
20190305 155318
20190305 195237
20190305 225209
20190306 030011
20190306 075253
20190306 114834
20190306 155136
20190306 192830
20190306 225117
20190307 022724
20190307 074417
20190307 115308
20190307 155240
20190307 195241
20190307 225020
20190308 033819
20190308 075253
20190308 114143
20190308 155142
20190308 195226
20190308 225211
20190309 013614
20190309 075301
20190309 115225
20190309 155226
20190309 195222
20190309 222421
20190310 020419
20190310 075304
20190310 115252
20190310 155243
20190310 195224
20190310 224319
20190311 024252
20190311 075224

20190311 155320
20190311 195246
20190311 225211
20190312 033620
20190312 075252
20190312 115252
20190312 155303
20190312 195236
20190312 224912
20190313 031414
20190313 075254
20190313 115310
20190313 155301
20190313 195220
20190313 225216
20190314 032615
20190314 075225
20190314 115303
20190314 155302
20190314 195224
20190314 224820
20190315 031421
20190315 075302
20190315 113003
20190315 142342
20190315 195300
20190315 224816
20190316 034613
20190316 075224
20190316 115306
20190316 155301
20190316 195226
20190316 220327
20190317 023324
20190317 075232
20190317 115300
20190317 155330
20190317 195230
20190317 225218
20190318 033229
20190318 075234
20190318 115307
20190318 155300
20190318 195237
20190318 225028
20190319 030819
20190319 075225
20190319 115301
20190319 155255
20190319 195224
20190319 225144
20190320 034336
20190320 075326
20190320 115303
20190320 155319
20190320 193011
20190320 224414
20190321 035022
20190321 075310
20190321 115311
20190321 155311
20190321 195814
20190321 224810
20190322 021912
20190322 074313
20190322 113837
20190322 155255
20190322 195223
20190322 224412
20190323 032814
20190323 075816
20190323 115255
20190323 155250
20190323 195216
20190323 225114
20190324 031414
20190324 075214
20190324 115242

20190324 195815
20190324 225213
20190325 012415
20190325 075224
20190325 115305
20190325 155257
20190325 195215
20190325 225317
20190326 031814
20190326 075904
20190326 115326
20190326 155234
20190326 195229
20190326 224410
20190327 032512
20190327 075224
20190327 115254
20190327 155316
20190327 195915
20190327 222717
20190328 034709
20190328 075224
20190328 114307
20190328 155304
20190328 195233
20190328 224516
20190329 025820
20190329 075915

20190329 155249
20190329 192854
20190329 224115
20190330 032512
20190330 075303
20190330 113435
20190330 155252
20190330 195225
20190330 225115
20190331 033558
20190331 075305
20190331 115301
20190331 155310



20190401 010027
20190401 115306
20190401 155304
20190401 195234
20190401 225321
20190402 021223
20190402 064249
20190402 115308
20190402 155253



20190402 192327
20190403 054209
20190403 155257
20190403 195215
20190403 223811
20190404 021315
20190404 075306
20190404 115254
20190404 155301
20190404 195315
20190404 223814
20190405 011727
20190405 075233
20190405 115301
20190405 155301
20190405 195123
20190405 224914
20190406 033715
20190406 075215
20190406 115258
20190406 155307
20190406 195211
20190406 224812
20190407 025415
20190407 075215
20190407 115308
20190407 155228
20190407 195114
20190407 225213
20190408 020019
20190408 075304
20190408 115258
20190408 154551
20190408 195241
20190408 225040

20190409 075215
20190409 115258
20190409 155303
20190409 195215
20190409 224721
20190410 023020
20190410 075224
20190410 115259
20190410 155302
20190410 195214
20190410 223715
20190411 035214
20190411 074525
20190411 115259
20190411 155301
20190411 195224
20190411 225115
20190412 033216
20190412 075230
20190412 115309
20190412 155253
20190412 195317
20190412 224914
20190413 024020
20190413 075256
20190413 115305
20190413 155302
20190413 195225
20190413 225115
20190413 225115
20190414 075311
20190414 115305
20190414 155225
20190414 195316
20190414 225020
20190415 011224
20190415 074050
20190415 115307
20190415 155304
20190415 195200
20190415 223736
20190416 010516
20190416 075252
20190416 115306
20190416 155304
20190416 195215


20190417 075231
20190417 115311
20190417 155302
20190417 195255
20190417 224910
20190418 012311
20190418 075303
20190418 115307
