2018-12-20 16:53:03
20190102 195216
20190103 155329
20190103 195224
20190103 231910
20190103 231910
20190104 022215
20190104 071724
20190104 115328
20190104 155321
20190104 195314
20190104 232216
20190104 234915
20190105 030012
20190105 075316
20190105 115322
20190105 155329
20190105 195830
20190105 232214
20190105 235315
20190106 024310
20190106 075318
20190106 115252
20190106 155329
20190106 195215
20190106 232213
20190106 235011
20190107 033315
20190107 075320
20190107 115330
20190107 155325
20190107 195226
20190107 231110
20190107 235112
20190108 032814
20190108 075231
20190108 115326
20190108 155330
20190108 195225
20190108 232114
20190108 234815
20190109 034911
20190109 075314
20190109 115326
20190109 155333
20190109 195215
20190109 231807
20190109 235321
20190110 034519
20190110 075342
20190110 115316
20190110 155333
20190110 195223
20190110 232316
20190110 235007
20190111 031909
20190111 075315
20190111 115301
20190111 155339
20190111 195119
20190111 232214
20190111 234917
20190112 034421
20190112 075224
20190112 115330
20190112 155220
20190112 195229
20190112 231710
20190112 234419
20190113 025415
20190113 075241
20190113 115308
20190113 155243
20190113 195224
20190113 232019
20190113 235305
20190114 022616
20190114 105257
20190114 115336
20190114 155340
20190115 195314
20190115 232314
20190115 235213
20190116 004914
20190116 074501
20190116 232314
20190117 195254
20190117 232224
20190117 234819
20190118 034424
20190118 075309
20190118 115309
20190118 155323
20190118 195242
20190118 232212
20190118 232909
20190119 035020
20190119 075312
20190119 115304
20190119 155302
20190119 195215
20190119 232217
20190119 235019
20190120 155254
20190120 195226
20190120 232224
20190120 234915
20190121 135255
20190121 160725
20190122 142305
20190122 172322
20190123 135326
20190123 155315



20190123 162309
20190123 162309
20190123 162309
20190123 162309
20190124 115259
20190124 195244
20190124 225322
20190125 035301
20190125 075254
20190125 115301
20190125 155301
20190125 195316
20190125 225307

20190126 075225
20190126 115326
20190126 155253
20190126 195233
20190126 225308
20190127 034922
20190127 075322
20190127 115327
20190127 155302
20190127 195118
20190127 224808
20190128 034210
20190128 075315
20190128 115303
20190128 162302
20190128 195307
20190128 224909
20190129 032409
20190129 075303
20190129 115327
20190129 155300
20190129 195215
20190129 225309
20190130 023636
20190130 075215
20190130 115303
20190130 155335
20190130 193615
20190130 225710
20190131 031409
20190131 075814

20190131 153520
20190131 193430
20190131 224713
20190201 030239
20190201 073914
20190201 113844
20190201 153453
20190201 194114
20190201 225914
20190202 033609
20190202 075515
20190202 115435
20190202 153939

20190202 230814
20190203 024415
20190203 073912
20190203 115535
20190203 155437
20190203 195414
20190203 225130
20190204 032110
20190204 075714
20190204 115705
20190204 155522
20190204 194615
20190204 224809

20190205 073239
20190205 100213
20190205 113148
20190205 154221
20190205 194655
20190205 225410
20190206 032314
20190206 075814
20190206 113456
20190206 133909
20190206 194210
20190206 224914


20190207 113403
20190207 153137
20190207 193235
20190207 225708



20190208 153137
20190208 193531
20190208 225414
20190209 030118
20190209 075814
20190209 115131
20190209 155656
20190209 195615
20190209 225315
20190210 034915
20190210 075218
20190210 115324
20190210 155324
20190210 195214
20190210 224909
20190211 031814
20190211 075214
20190211 115336
20190211 155306
20190211 195214
20190211 225215
20190212 033826
20190212 075214
20190212 115319
20190212 155239
20190212 195214
20190212 224814
20190213 032816
20190213 075214
20190213 115334
20190213 155309
20190213 195238
20190213 225314
20190214 024015
20190214 075317
20190214 115324
20190214 155324
20190214 195240
20190214 225012
20190215 033814
20190215 075320

20190215 155255
20190215 195327
20190215 224814
20190216 025012
20190216 075214
20190216 115255
20190216 155501
20190216 195236
20190216 224110
20190217 032014
20190217 075327
20190217 115244
20190217 155300
20190217 195214
20190217 224214
20190218 024014
20190218 075114
20190218 115324
20190218 155406
20190218 195220
20190218 224415
20190219 031814
20190219 075411
20190219 115312
20190219 155324
20190219 195247
20190219 223712
20190220 020214
20190220 075314
20190220 115424
20190220 155324
20190220 195216
20190220 225214
20190221 034814
20190221 075333
20190221 115332
20190221 155331
20190221 195239
20190221 225216
20190222 035003
20190222 075331
20190222 113547
20190222 155325
20190222 195225
20190222 225314
20190223 033411
20190223 075314
20190223 115224
20190223 155414
20190223 194913
20190223 225214
20190224 002912
20190224 075314
20190224 115250
20190224 155259
20190224 195324
20190224 223313
20190225 033617
20190225 075315
20190225 115341
20190225 155331
20190225 195316
20190225 225307


20190226 115234
20190226 155256
20190226 195215
20190226 225303
20190227 023114
20190227 075251
20190227 115303
20190227 195253
20190227 225302
20190228 034020
20190228 075224
20190228 115306
20190228 154254
20190228 195225
20190228 225102
20190301 024415
20190301 075226
20190301 115301
20190301 155307
20190301 194924
20190301 225312
20190302 024321
20190302 075237
20190302 115301
20190302 155245


20190303 011624
20190303 075330
20190303 114831


20190303 224629
20190304 022316
20190304 074651
20190304 115850
20190304 155643
20190304 195515
20190304 224026
20190305 002424
20190305 074534
20190305 115254
20190305 155318
20190305 195228
20190305 225220
20190306 030011
20190306 075253
20190306 114833
20190306 155153
20190306 192826
20190306 224626
20190307 021624
20190307 074328
20190307 115249
20190307 155301
20190307 195228
20190307 225020
20190308 014219
20190308 075225
20190308 114149
20190308 155133
20190308 195219
20190308 225153
20190309 025816
20190309 075301
20190309 115227
20190309 155225
20190309 195219
20190309 223325
20190310 012020
20190310 075304
20190310 115247
20190310 155254
20190310 195224
20190310 225115
20190311 032725
20190311 075224

20190311 155321
20190311 195246
20190311 225210
20190312 031420
20190312 075255
20190312 115300
20190312 155303
20190312 195227
20190312 224333
20190313 033015
20190313 075256
20190313 115310
20190313 155306
20190313 195220
20190313 223620
20190314 025020
20190314 075224
20190314 115303
20190314 155244
20190314 195224
20190314 224820
20190315 034616
20190315 075253
20190315 112956
20190315 142339
20190315 195300
20190315 224712
20190316 035103
20190316 075225
20190316 115252
20190316 155256
20190316 195231
20190316 220020
20190317 034624
20190317 075224
20190317 115300
20190317 155330
20190317 195230
20190317 225143
20190318 023630
20190318 075242
20190318 115307
20190318 155300
20190318 195239
20190318 224808
20190319 024920
20190319 075224
20190319 115304
20190319 155302
20190319 195241
20190319 225143
20190320 010425
20190320 075324
20190320 115301
20190320 155320
20190320 193046
20190320 225209
20190321 035022
20190321 075310
20190321 115311
20190321 155310
20190321 195820
20190321 224511
20190322 032811
20190322 074414
20190322 113839
20190322 155255
20190322 195220
20190322 225311
20190323 032814
20190323 075815
20190323 115300
20190323 155250
20190323 195216
20190323 224811
20190324 012613
20190324 075125
20190324 115242

20190324 195817
20190324 225212
20190325 033221
20190325 075235
20190325 115304
20190325 155300
20190325 195133
20190325 224923
20190326 031359
20190326 075844
20190326 115327
20190326 155252
20190326 195313
20190326 225314
20190327 033815
20190327 075216
20190327 115301
20190327 155316
20190327 195915
20190327 224516
20190328 022419
20190328 075242
20190328 114308
20190328 155302
20190328 195233
20190328 224619
20190329 034420
20190329 075915

20190329 155306
20190329 192847
20190329 225316
20190330 025216
20190330 075303
20190330 113443
20190330 155303
20190330 195220
20190330 225219
20190331 035120
20190331 075305
20190331 115302
20190331 155256



20190401 010713
20190401 115306
20190401 155309
20190401 195244
20190401 224917
20190402 013020
20190402 064002
20190402 115238
20190402 155254



20190402 192257
20190403 050421
20190403 155257
20190403 195214
20190403 225019
20190404 025311
20190404 075255
20190404 115254
20190404 155304
20190404 195314
20190404 224015
20190405 023418
20190405 075233
20190405 115301
20190405 155301
20190405 195226
20190405 225109
20190406 032915
20190406 075220
20190406 115304
20190406 155306
20190406 195214
20190406 224913
20190407 020416
20190407 075244
20190407 115308
20190407 155226
20190407 195314
20190407 223015
20190408 010615
20190408 075303
20190408 115305
20190408 154551
20190408 195239
20190408 225040

20190409 075225
20190409 115258
20190409 155303
20190409 195214
20190409 224423
20190410 033914
20190410 075301
20190410 115304
20190410 155302
20190410 195214
20190410 225019
20190411 020416
20190411 074527
20190411 115259
20190411 155301
20190411 195224
20190411 225214
20190412 002613
20190412 075230
20190412 115307
20190412 155251
20190412 195234
20190412 225317
20190413 003620
20190413 075249
20190413 115305
20190413 155302
20190413 195226
20190413 224815
20190413 224815
20190414 075303
20190414 115307
20190414 155226
20190414 195221
20190414 223816
20190415 000300
20190415 074025
20190415 115307
20190415 155304
20190415 195220
20190415 225020
20190416 033414
20190416 075252
20190416 115306
20190416 155304
20190416 195215


20190417 075214
20190417 115311
20190417 155302
20190417 195256
20190417 224911
20190418 021914
20190418 075301
20190418 115301
